一 [[[121, 393], [193, 372], [417, 402], [827, 434], [920, 401]]]
丁 [[[153, 645], [177, 634], [219, 628], [416, 663], [794, 706], [823, 702], [887, 679]], [[478, 644], [518, 610], [518, 101], [495, 55], [450, 68], [369, 110]]]
七 [[[101, 340], [172, 328], [492, 417], [767, 476], [820, 476], [882, 461]], [[364, 750], [397, 734], [424, 701], [407, 327], [414, 194], [431, 131], [477, 103], [544, 91], [658, 97], [747, 116], [784, 112]]]
万 [[[162, 654], [187, 646], [226, 644], [444, 680], [777, 714], [818, 712], [877, 695]], [[486, 487], [500, 494], [594, 487], [679, 490], [697, 479], [720, 445], [631, 175], [599, 114], [572, 86], [539, 69], [419, 146]], [[476, 657], [506, 620], [449, 488], [369, 344], [272, 224], [201, 162], [117, 108]]]
丈 [[[234, 510], [259, 503], [344, 506], [515, 538], [705, 585], [775, 588]], [[486, 813], [516, 792], [541, 763], [513, 370], [505, 312], [487, 246], [467, 202], [439, 161], [353, 91], [271, 54], [146, 22]], [[279, 406], [320, 389], [342, 372], [569, 137], [677, 57], [706, 42], [768, 31], [911, 13], [935, 15]]]
三 [[[316, 655], [367, 645], [416, 648], [660, 692], [722, 692]], [[331, 407], [375, 405], [628, 443], [657, 443], [700, 432]], [[127, 152], [158, 142], [195, 139], [500, 178], [846, 204], [881, 200], [955, 174]]]
上 [[[446, 781], [462, 775], [498, 734], [493, 159], [472, 136]], [[531, 448], [551, 462], [627, 473], [698, 493], [768, 496]], [[134, 92], [171, 76], [212, 72], [458, 103], [841, 132], [932, 99]]]
下 [[[113, 682], [145, 669], [181, 664], [440, 706], [807, 745], [870, 736], [903, 726], [924, 710]], [[487, 681], [516, 656], [519, 479], [510, -2]], [[555, 519], [562, 502], [645, 466], [706, 429], [729, 407], [748, 377]]]
不 [[[187, 667], [251, 651], [473, 690], [771, 730], [840, 720], [868, 709], [879, 698]], [[568, 677], [601, 633], [527, 510], [451, 416], [369, 331], [300, 273], [168, 187], [115, 161]], [[459, 548], [477, 527], [506, 472], [509, 231], [498, 73], [503, -13]], [[632, 417], [751, 340], [825, 284], [863, 245], [884, 200]]]
与 [[[406, 586], [422, 577], [457, 578], [673, 629], [721, 629]], [[375, 806], [409, 769], [345, 388], [397, 387], [521, 419], [703, 447], [755, 439], [785, 409], [730, 150], [699, 72], [674, 47], [652, 36], [550, 104]], [[150, 221], [206, 208], [319, 233], [590, 277], [669, 257]]]
丑 [[[321, 647], [353, 635], [384, 634], [681, 684], [703, 676], [725, 647], [731, 635], [699, 519], [634, 171], [603, 140]], [[434, 615], [457, 598], [464, 579], [454, 505], [386, 151], [372, 132], [360, 127]], [[268, 390], [342, 380], [418, 386], [522, 404], [556, 404], [581, 396]], [[123, 98], [148, 85], [204, 78], [485, 107], [846, 125], [928, 93]]]
专 [[[288, 617], [298, 611], [363, 606], [518, 627], [649, 654], [715, 654]], [[131, 423], [189, 406], [384, 441], [803, 492], [885, 465]], [[472, 820], [518, 772], [476, 529], [418, 286], [467, 280], [651, 307], [676, 300], [690, 281], [580, 105], [575, 84]], [[426, 156], [573, 35], [596, 1], [607, -29]]]
且 [[[323, 734], [359, 703], [370, 655], [370, 149], [350, 136]], [[387, 718], [416, 707], [625, 755], [660, 748], [683, 718], [687, 709], [672, 528], [667, 192], [665, 177], [643, 152]], [[401, 519], [424, 512], [479, 518], [534, 533], [579, 531]], [[401, 349], [411, 340], [440, 339], [546, 361], [593, 359]], [[99, 97], [125, 85], [168, 77], [432, 109], [848, 137], [864, 136], [938, 107]]]
世 [[[93, 412], [159, 395], [409, 442], [853, 502], [897, 494], [948, 475]], [[461, 720], [496, 680], [509, 492], [507, 321], [476, 286]], [[661, 757], [706, 718], [706, 695], [673, 348], [656, 328]], [[480, 267], [497, 257], [539, 274], [622, 293], [684, 301], [710, 294]], [[263, 636], [292, 619], [307, 596], [328, 268], [325, 92], [375, 90], [485, 112], [759, 136], [837, 118]]]
丘 [[[662, 730], [576, 721], [529, 670], [469, 618], [382, 559], [378, 551], [363, 544], [356, 548]], [[273, 553], [317, 516], [325, 498], [338, 436], [366, 180], [369, 167], [385, 160]], [[375, 394], [391, 408], [640, 451], [750, 476], [784, 474], [815, 463]], [[595, 414], [627, 393], [634, 376], [603, 189], [583, 174]], [[104, 114], [161, 101], [490, 136], [848, 158], [885, 153], [941, 132]]]
丙 [[[295, 686], [328, 679], [388, 679], [523, 700], [665, 731], [753, 737]], [[168, 474], [200, 441], [214, 413], [222, 136], [237, 72]], [[231, 455], [251, 445], [397, 470], [574, 491], [774, 507], [815, 501], [845, 468], [831, 247], [808, 110], [774, 57], [728, 77], [668, 118]], [[458, 653], [487, 638], [503, 613], [481, 465], [455, 375], [424, 316], [375, 260], [326, 222], [290, 206]], [[493, 374], [519, 366], [610, 306], [646, 272], [666, 232]]]
业 [[[351, 659], [395, 610], [400, 567], [407, 139], [404, 118], [390, 108]], [[549, 738], [601, 696], [602, 679], [583, 138], [565, 116]], [[193, 415], [279, 345], [301, 301]], [[793, 522], [811, 502], [819, 481], [672, 326]], [[131, 71], [158, 58], [207, 50], [408, 74], [822, 101], [863, 91], [914, 68]]]
丛 [[[272, 705], [300, 687], [317, 666], [306, 537], [282, 423], [239, 337], [190, 274], [115, 208], [66, 180]], [[321, 437], [327, 426], [401, 375], [419, 355], [435, 321]], [[576, 793], [602, 779], [637, 735], [614, 566], [581, 432], [528, 313], [483, 253], [420, 193], [358, 161]], [[625, 455], [627, 430], [664, 377], [713, 316], [787, 241], [832, 208], [958, 186]], [[203, 54], [237, 44], [267, 43], [407, 64], [694, 87], [781, 63]]]
东 [[[192, 575], [244, 566], [323, 570], [525, 600], [741, 647], [811, 648]], [[465, 839], [502, 783], [390, 491], [320, 351], [311, 322], [356, 314], [690, 365], [744, 353]], [[487, 492], [535, 439], [534, 212], [526, 60], [507, 26], [458, 43], [375, 93]], [[314, 213], [286, 152], [223, 71], [206, 38]], [[669, 235], [746, 181], [807, 129], [826, 101], [840, 62]]]
丝 [[[316, 739], [339, 710], [343, 686], [212, 468], [205, 444], [228, 438], [340, 442], [362, 454]], [[444, 612], [459, 589], [462, 569], [375, 435], [275, 300], [262, 276], [259, 254], [290, 255], [439, 294]], [[641, 762], [657, 750], [673, 713], [614, 599], [534, 466], [528, 443], [550, 437], [639, 441], [675, 456]], [[757, 594], [777, 553], [720, 469], [601, 329], [584, 304], [579, 276], [610, 274], [711, 296], [798, 306]], [[154, 93], [178, 82], [219, 75], [415, 105], [793, 139], [886, 110]]]
个 [[[478, 800], [498, 780], [507, 752], [477, 686], [415, 589], [320, 473], [269, 423], [198, 365], [116, 313]], [[522, 690], [521, 679], [623, 568], [726, 467], [780, 425], [822, 408], [976, 388]], [[479, 494], [490, 488], [511, 456], [500, 70], [515, -13]]]
中 [[[194, 598], [229, 572], [236, 553], [295, 323]], [[262, 591], [281, 579], [471, 611], [719, 641], [741, 638], [777, 596], [732, 460], [702, 446]], [[316, 350], [330, 365], [689, 409], [749, 405], [768, 398]], [[449, 823], [476, 817], [513, 781], [505, 656], [499, -10]]]
丰 [[[271, 622], [318, 614], [379, 618], [503, 639], [679, 680], [739, 680]], [[276, 447], [319, 439], [377, 441], [502, 460], [673, 498], [746, 499]], [[140, 243], [202, 232], [421, 266], [796, 304], [838, 302], [907, 281]], [[456, 843], [484, 835], [522, 799], [513, 560], [511, -60]]]
丸 [[[429, 806], [450, 794], [475, 764], [448, 530], [409, 398], [354, 291], [303, 223], [214, 142], [110, 80]], [[185, 520], [222, 506], [259, 507], [619, 606], [661, 605], [669, 595], [661, 560], [631, 482], [602, 369], [588, 274], [588, 225], [596, 172], [612, 133], [639, 102], [671, 85], [741, 68], [807, 67], [889, 83], [920, 100], [931, 115], [953, 263]], [[285, 378], [425, 285], [452, 256], [465, 222]]]
丹 [[[323, 717], [357, 693], [369, 672], [375, 491], [370, 392], [358, 311], [327, 209], [281, 123], [229, 60], [155, -2]], [[387, 714], [419, 703], [496, 716], [614, 751], [645, 736], [661, 717], [660, 55], [654, 34], [639, 16], [609, 22], [509, 67], [505, 64]], [[468, 609], [521, 554], [541, 513]], [[99, 377], [125, 365], [174, 359], [485, 401], [838, 432], [894, 422], [940, 402]]]
为 [[[308, 751], [383, 685], [406, 637]], [[568, 828], [597, 773], [585, 732], [492, 498], [424, 374], [377, 298], [285, 187], [207, 112], [113, 44]], [[203, 495], [266, 479], [720, 562], [751, 559], [777, 539], [782, 532], [746, 249], [721, 153], [697, 94], [671, 60], [646, 45], [526, 114]], [[480, 365], [555, 303], [581, 260]]]
主 [[[447, 815], [544, 753], [573, 710]], [[279, 542], [319, 534], [392, 538], [692, 599], [751, 600]], [[303, 307], [358, 298], [507, 322], [638, 354], [696, 354]], [[482, 528], [521, 497], [514, 140], [492, 117]], [[118, 68], [187, 46], [422, 79], [850, 115], [893, 106], [952, 83]]]
乃 [[[213, 663], [242, 654], [269, 654], [688, 741], [708, 740], [734, 717], [629, 528], [615, 483], [663, 473], [765, 473], [785, 467], [806, 443], [810, 431], [759, 217], [712, 108], [691, 78], [662, 54], [643, 47], [535, 123]], [[430, 663], [452, 645], [459, 625], [394, 472], [344, 373], [294, 301], [211, 208], [148, 155], [92, 119]]]
久 [[[422, 788], [445, 768], [458, 746], [410, 634], [358, 551], [289, 467], [239, 417], [163, 359]], [[405, 562], [470, 567], [564, 598], [604, 594], [621, 576], [578, 467], [525, 364], [426, 226], [370, 167], [276, 92], [191, 45], [126, 23]], [[539, 322], [550, 292], [663, 155], [759, 64], [793, 40], [945, 17]]]
么 [[[473, 778], [488, 766], [507, 733], [463, 647], [428, 597], [330, 487], [231, 407], [180, 378]], [[615, 566], [642, 521], [636, 496], [524, 348], [361, 166], [341, 124], [393, 116], [543, 151], [692, 176], [718, 179], [728, 168]], [[669, 316], [747, 226], [802, 146], [821, 95], [819, 65]]]
义 [[[333, 649], [423, 592], [451, 553]], [[588, 677], [628, 623], [621, 498], [584, 362], [561, 311], [526, 257], [457, 187], [370, 130], [303, 98], [195, 64], [142, 54]], [[243, 466], [307, 432], [525, 196], [608, 123], [672, 78], [717, 57], [949, 30]]]
之 [[[423, 810], [515, 755], [545, 712]], [[223, 541], [274, 524], [590, 592], [644, 582], [609, 528], [531, 463], [309, 299], [265, 285]], [[86, 247], [106, 236], [141, 231], [241, 261], [337, 256], [458, 208], [688, 87], [752, 66], [838, 70], [947, 89]]]
乌 [[[477, 845], [490, 836], [508, 807], [446, 730], [399, 681], [391, 682]], [[397, 628], [416, 650], [542, 681], [618, 694], [662, 684], [677, 667], [673, 642], [649, 525], [627, 487], [616, 477], [520, 524]], [[328, 685], [339, 680], [363, 651], [355, 368], [359, 332], [386, 330], [529, 358], [761, 383], [787, 375], [814, 346], [792, 261], [767, 115], [749, 58], [732, 29], [705, 9], [693, 12], [577, 73]], [[123, 181], [182, 167], [356, 200], [611, 231], [680, 209]]]
乎 [[[687, 780], [652, 793], [611, 797], [501, 747], [411, 719], [399, 720], [391, 713], [322, 699]], [[308, 586], [365, 539], [380, 510]], [[706, 684], [727, 661], [734, 641], [678, 583], [610, 528]], [[123, 389], [146, 378], [190, 370], [398, 402], [816, 443], [868, 438], [935, 411]], [[463, 715], [491, 699], [508, 679], [525, 553], [538, 342], [528, 130], [502, 50], [466, 12], [349, 80]]]
乏 [[[637, 759], [583, 769], [558, 767], [427, 685], [252, 611]], [[421, 633], [508, 579], [526, 550]], [[210, 435], [260, 416], [599, 493], [655, 481], [637, 449], [616, 429], [478, 334], [322, 241], [262, 224]], [[112, 183], [132, 173], [159, 170], [247, 198], [290, 200], [344, 193], [450, 163], [703, 67], [765, 52], [915, 80], [967, 98]]]
乐 [[[696, 746], [620, 754], [508, 686], [362, 621], [348, 621], [347, 612]], [[263, 648], [284, 630], [304, 599], [276, 380], [321, 379], [447, 407], [636, 429], [767, 431], [824, 408]], [[489, 584], [517, 561], [541, 528], [540, 169], [533, 83], [524, 58], [514, 48], [448, 71], [375, 109]], [[305, 257], [268, 185], [208, 112], [194, 86]], [[695, 274], [790, 191], [830, 147], [847, 117], [858, 76]]]
乙 [[[244, 698], [273, 687], [323, 687], [424, 703], [522, 732], [564, 728], [585, 714], [567, 678], [436, 540], [376, 467], [313, 376], [278, 311], [254, 231], [255, 185], [270, 140], [310, 104], [358, 82], [395, 73], [503, 63], [659, 69], [728, 82], [792, 103], [846, 138], [850, 313]]]
九 [[[402, 808], [428, 792], [451, 765], [424, 515], [412, 464], [374, 360], [330, 274], [266, 191], [170, 103], [78, 49]], [[153, 472], [190, 458], [227, 459], [587, 561], [638, 560], [646, 551], [639, 520], [618, 464], [589, 349], [576, 202], [589, 136], [603, 107], [642, 70], [679, 55], [736, 43], [801, 43], [872, 55], [917, 78], [932, 98], [946, 267]]]
乞 [[[413, 838], [432, 811], [439, 789], [368, 662], [262, 550], [169, 487]], [[368, 618], [471, 625], [679, 675], [740, 676]], [[223, 430], [268, 418], [303, 420], [484, 466], [524, 464], [545, 448], [527, 418], [395, 274], [360, 223], [331, 156], [329, 112], [346, 73], [394, 36], [447, 18], [567, 3], [686, 4], [789, 21], [857, 49], [885, 70], [887, 86], [882, 260]]]
也 [[[84, 309], [134, 307], [165, 316], [419, 431], [662, 553], [688, 556], [713, 541], [672, 378], [651, 309], [639, 288], [621, 270], [612, 271], [588, 279], [534, 316]], [[438, 808], [462, 793], [484, 766], [487, 729], [478, 500], [452, 226]], [[251, 540], [272, 527], [303, 493], [295, 308], [308, 172], [320, 143], [338, 122], [389, 92], [479, 70], [583, 60], [759, 64], [848, 78], [900, 108], [899, 292]]]
习 [[[264, 703], [331, 696], [645, 752], [688, 742], [725, 706], [695, 342], [678, 250], [644, 145], [615, 105], [595, 92], [481, 154], [467, 155], [442, 169]], [[313, 597], [400, 543], [418, 514]], [[215, 277], [242, 271], [284, 273], [535, 450]]]
乡 [[[489, 806], [506, 788], [519, 747], [448, 639], [332, 484], [326, 459], [356, 452], [471, 454], [504, 461], [515, 470]], [[634, 647], [653, 600], [574, 498], [388, 297], [370, 274], [359, 242], [387, 238], [417, 244], [487, 264], [584, 280], [601, 292]], [[653, 405], [673, 363], [627, 268], [561, 174], [494, 105], [436, 61], [359, 14], [274, -24]]]
书 [[[304, 560], [359, 556], [525, 583], [628, 609], [660, 605], [699, 574], [666, 457], [660, 443], [635, 424]], [[165, 353], [233, 345], [431, 384], [705, 407], [789, 411], [818, 398], [841, 362], [789, 196], [760, 135], [739, 118], [641, 168]], [[465, 799], [499, 773], [511, 756], [512, 738], [495, -44]], [[721, 737], [797, 680], [816, 646]]]
了 [[[228, 705], [296, 678], [401, 712], [502, 736], [666, 768], [699, 764], [716, 739], [721, 715], [534, 568], [513, 563]], [[461, 574], [532, 506], [551, 451], [564, 290], [556, 153], [541, 101], [515, 68], [470, 84], [367, 141]]]
予 [[[305, 745], [347, 728], [363, 729], [398, 733], [601, 789], [627, 790], [650, 776], [664, 755], [647, 731], [533, 627], [532, 619], [517, 619]], [[444, 630], [516, 579], [538, 541]], [[158, 441], [184, 431], [217, 430], [356, 460], [615, 498], [746, 515], [806, 515], [820, 510], [841, 488], [847, 469], [750, 390]], [[488, 460], [524, 436], [535, 359], [544, 209], [533, 79], [519, 43], [496, 19], [369, 68]]]
二 [[[293, 587], [386, 581], [688, 633], [733, 629]], [[126, 219], [195, 200], [469, 236], [823, 263], [916, 230]]]
于 [[[296, 721], [325, 712], [361, 711], [632, 755], [674, 758], [721, 749]], [[112, 462], [170, 452], [406, 489], [821, 531], [856, 527], [914, 508]], [[464, 701], [501, 675], [527, 536], [542, 288], [536, 150], [516, 82], [501, 57], [477, 38], [345, 92]]]
亏 [[[327, 687], [388, 678], [503, 693], [626, 719], [678, 712]], [[117, 465], [183, 447], [472, 497], [821, 538], [907, 511]], [[376, 455], [410, 427], [376, 320], [429, 317], [603, 349], [638, 343], [670, 313], [660, 238], [636, 161], [592, 79], [566, 51], [533, 31], [416, 96]]]
云 [[[342, 641], [365, 634], [416, 634], [645, 684], [699, 684]], [[143, 398], [197, 389], [410, 428], [775, 472], [816, 473], [890, 455]], [[521, 398], [496, 391], [475, 374], [421, 274], [344, 172], [325, 121], [374, 120], [575, 163], [652, 176], [700, 176]], [[642, 281], [776, 136], [796, 97], [804, 61]]]
互 [[[282, 723], [324, 712], [400, 713], [710, 758], [770, 756]], [[445, 685], [477, 663], [474, 630], [416, 486], [347, 351], [338, 313], [386, 312], [484, 330], [563, 337], [571, 347]], [[447, 500], [605, 526], [634, 518], [655, 490], [551, 159], [522, 138]], [[110, 92], [179, 69], [412, 99], [812, 127], [877, 115], [923, 94]]]
五 [[[304, 694], [343, 685], [400, 686], [704, 735], [753, 733]], [[460, 663], [489, 633], [483, 587], [391, 195], [375, 174], [362, 168]], [[273, 435], [308, 428], [345, 430], [616, 476], [654, 467], [685, 434], [619, 200], [592, 179]], [[63, 118], [138, 97], [419, 149], [654, 161], [855, 153], [905, 138], [966, 110]]]
井 [[[272, 565], [294, 557], [354, 554], [593, 592], [742, 623], [789, 622]], [[118, 341], [156, 327], [200, 325], [438, 361], [829, 399], [885, 386], [922, 370]], [[337, 756], [357, 746], [382, 722], [387, 697], [391, 530], [382, 392], [371, 329], [337, 228], [295, 151], [243, 86], [167, 23]], [[561, 827], [589, 820], [626, 785], [617, 534], [615, -42]]]
亡 [[[446, 788], [563, 713], [592, 668]], [[128, 459], [197, 450], [441, 494], [818, 536], [880, 528], [920, 514]], [[330, 449], [358, 428], [361, 418], [362, 322], [348, 164], [350, 127], [384, 125], [522, 157], [694, 176], [777, 181], [818, 166]]]
人 [[[483, 736], [508, 702], [511, 678], [473, 552], [408, 416], [328, 303], [271, 244], [144, 139], [72, 95]], [[474, 477], [477, 459], [490, 439], [571, 333], [691, 200], [753, 145], [798, 119], [986, 90]]]
亿 [[[350, 812], [369, 797], [390, 760], [326, 640], [198, 457], [99, 348], [72, 327]], [[248, 479], [254, 446], [268, 415], [265, 245], [246, 58], [252, 5]], [[432, 577], [526, 583], [636, 608], [676, 602], [684, 593], [666, 558], [545, 407], [499, 331], [471, 264], [462, 205], [469, 162], [490, 132], [521, 111], [603, 87], [704, 81], [779, 87], [870, 113], [910, 138], [919, 306]]]
今 [[[452, 839], [486, 794], [460, 726], [379, 591], [299, 488], [231, 418], [125, 328], [60, 287]], [[510, 730], [510, 716], [604, 604], [698, 500], [779, 428], [811, 417], [987, 386]], [[437, 506], [512, 445], [527, 420]], [[272, 266], [333, 249], [591, 313], [619, 313], [642, 296], [649, 286], [644, 269], [552, 81], [512, 20], [496, -33]]]
介 [[[458, 813], [481, 790], [491, 767], [446, 675], [398, 602], [275, 457], [152, 355], [84, 314]], [[515, 713], [515, 699], [522, 690], [616, 588], [718, 487], [780, 438], [856, 421], [982, 406]], [[333, 418], [358, 401], [373, 379], [360, 260], [335, 180], [298, 122], [261, 82], [182, 30]], [[554, 480], [590, 436], [591, 424], [595, 228], [586, -11], [589, -70]]]
从 [[[257, 700], [294, 679], [320, 647], [298, 416], [272, 307], [241, 231], [188, 149], [123, 86], [54, 45]], [[318, 322], [318, 311], [415, 227], [435, 197], [443, 164]], [[593, 760], [630, 739], [656, 707], [635, 472], [601, 308], [552, 192], [516, 140], [446, 70], [366, 21]], [[650, 359], [655, 321], [711, 235], [760, 167], [820, 101], [850, 77], [991, 38]]]
仓 [[[473, 820], [493, 801], [507, 775], [465, 685], [410, 600], [327, 494], [262, 427], [188, 364], [92, 302]], [[518, 708], [531, 680], [616, 589], [715, 493], [763, 456], [817, 435], [976, 402]], [[404, 371], [414, 390], [427, 395], [556, 426], [590, 424], [618, 399], [587, 266], [571, 235], [550, 215], [447, 264]], [[347, 407], [366, 386], [375, 355], [362, 220], [368, 113], [388, 68], [421, 42], [444, 32], [519, 12], [600, 8], [675, 15], [758, 40], [804, 75], [804, 224]]]
令 [[[461, 833], [484, 812], [494, 782], [456, 702], [388, 598], [302, 493], [231, 424], [142, 353], [76, 314]], [[510, 719], [509, 706], [608, 596], [733, 474], [783, 436], [975, 404]], [[411, 492], [486, 440], [508, 409]], [[261, 287], [286, 274], [323, 269], [540, 328], [579, 333], [604, 329], [632, 305], [637, 297], [634, 288], [515, 128], [512, 116], [502, 117]], [[397, 157], [505, 58], [530, 16], [537, -22]]]
以 [[[200, 602], [243, 569], [251, 554], [254, 397], [243, 278], [252, 253], [299, 273], [488, 462]], [[442, 689], [525, 625], [539, 601]], [[720, 737], [741, 721], [762, 691], [758, 659], [742, 552], [726, 489], [691, 389], [668, 342], [628, 277], [537, 186], [490, 152], [395, 104]], [[703, 324], [708, 307], [784, 248], [851, 181], [870, 152], [881, 114]]]
儿 [[[317, 651], [326, 648], [363, 606], [351, 422], [330, 317], [293, 219], [259, 165], [191, 94], [134, 59]], [[535, 738], [564, 719], [598, 671], [580, 233], [590, 142], [613, 93], [659, 65], [704, 53], [744, 51], [839, 55], [905, 80], [917, 89], [922, 130], [925, 264]]]
允 [[[468, 800], [497, 756], [486, 731], [422, 625], [320, 492], [303, 450], [348, 446], [549, 486], [655, 500], [666, 496]], [[605, 600], [708, 511], [741, 460], [744, 435]], [[384, 387], [404, 359], [405, 344], [379, 267], [342, 196], [309, 150], [251, 89], [203, 50], [152, 20]], [[530, 423], [569, 374], [556, 277], [555, 147], [564, 93], [575, 70], [595, 53], [631, 39], [727, 30], [812, 35], [882, 57], [892, 64], [893, 78], [888, 218]]]
元 [[[337, 695], [369, 690], [425, 695], [569, 736], [644, 744]], [[178, 453], [235, 447], [667, 552], [713, 556], [750, 551]], [[338, 433], [361, 419], [365, 399], [341, 319], [287, 219], [213, 133], [134, 72], [111, 61]], [[493, 480], [523, 464], [537, 435], [520, 296], [521, 200], [540, 115], [576, 82], [645, 65], [733, 60], [839, 69], [906, 92], [916, 100], [917, 115], [912, 266]]]
兄 [[[275, 711], [304, 688], [314, 669], [368, 444]], [[331, 710], [357, 698], [601, 744], [643, 732], [670, 702], [667, 691], [624, 567], [589, 538]], [[388, 484], [399, 476], [586, 512], [650, 507]], [[355, 398], [376, 358], [347, 283], [312, 224], [240, 143], [154, 80], [120, 66]], [[511, 472], [539, 455], [547, 441], [534, 261], [542, 158], [565, 117], [611, 88], [702, 67], [770, 67], [828, 75], [883, 96], [916, 124], [920, 295]]]
入 [[[499, 510], [499, 455], [403, 320], [273, 191], [191, 131], [115, 88]], [[342, 683], [416, 659], [466, 608], [512, 537], [580, 405], [638, 308], [732, 184], [763, 157], [780, 150], [970, 92]]]
八 [[[331, 470], [358, 421], [291, 303], [204, 206], [143, 156], [89, 123]], [[452, 695], [484, 681], [525, 640], [645, 378], [693, 302], [755, 227], [839, 190], [978, 147]]]
公 [[[314, 654], [347, 614], [296, 512], [215, 404], [128, 322], [68, 282]], [[473, 790], [518, 770], [544, 742], [671, 540], [756, 445], [783, 424], [803, 418], [874, 400], [982, 383]], [[423, 420], [446, 395], [457, 378], [455, 372], [389, 250], [316, 147], [303, 108], [347, 103], [439, 127], [608, 159], [639, 151]], [[582, 276], [662, 191], [706, 132], [724, 81], [723, 57]]]
六 [[[441, 756], [455, 743], [531, 705], [568, 654]], [[125, 455], [184, 444], [454, 484], [805, 517], [851, 515], [918, 494]], [[360, 347], [383, 297], [347, 242], [292, 181], [249, 145], [162, 97]], [[611, 333], [753, 186], [774, 154], [789, 97]]]
兰 [[[341, 727], [418, 664], [443, 621]], [[641, 798], [663, 776], [672, 755], [643, 720], [534, 616]], [[280, 522], [321, 512], [376, 512], [693, 562], [752, 562]], [[320, 334], [344, 326], [414, 325], [629, 361], [697, 361]], [[158, 128], [194, 112], [232, 106], [460, 135], [809, 160], [898, 127]]]
内 [[[227, 602], [251, 579], [263, 547], [266, 453], [256, 279], [230, 113], [227, 57]], [[287, 584], [312, 567], [710, 636], [734, 630], [768, 601], [780, 230], [777, 74], [759, 34], [752, 34], [718, 42], [631, 79]], [[459, 824], [483, 814], [516, 778], [500, 584], [475, 460], [448, 391], [405, 324], [350, 274], [304, 248]], [[512, 447], [513, 437], [641, 335], [660, 307], [671, 277]]]
冈 [[[217, 704], [251, 670], [263, 623], [248, 266], [224, 118], [223, 56]], [[294, 676], [319, 664], [691, 740], [729, 733], [762, 702], [781, 154], [774, 91], [759, 58], [751, 58], [701, 67], [613, 100]], [[588, 600], [610, 564], [602, 537], [565, 446], [505, 351], [469, 310], [412, 261], [304, 192]], [[377, 492], [579, 319], [641, 250], [659, 207]]]
写 [[[268, 748], [281, 716], [279, 695], [228, 582], [225, 533]], [[314, 712], [328, 702], [366, 703], [495, 728], [699, 752], [745, 743], [759, 733], [773, 707], [686, 625]], [[435, 500], [451, 511], [524, 521], [621, 550], [672, 546]], [[389, 634], [412, 612], [420, 594], [373, 347], [428, 346], [542, 372], [692, 389], [735, 383], [768, 354], [730, 141], [709, 73], [690, 39], [659, 20], [554, 91]], [[169, 180], [194, 171], [239, 170], [320, 191], [551, 230], [625, 212]]]
冬 [[[442, 851], [469, 809], [407, 688], [322, 589], [232, 523]], [[420, 660], [480, 668], [584, 700], [629, 694], [639, 682], [604, 614], [541, 525], [469, 445], [400, 385], [340, 343], [263, 301], [182, 269], [90, 250]], [[318, 560], [349, 556], [381, 541], [599, 375], [677, 328], [735, 301], [761, 292], [790, 291], [979, 300]], [[416, 290], [538, 235], [571, 197]], [[398, 123], [535, 34], [561, 8], [586, -33]]]
几 [[[325, 703], [365, 668], [369, 652], [363, 470], [339, 324], [302, 225], [265, 163], [197, 89], [147, 49], [129, 42]], [[407, 661], [423, 678], [493, 695], [588, 729], [611, 723], [631, 703], [613, 634], [595, 513], [574, 244], [582, 163], [605, 119], [623, 103], [687, 74], [764, 67], [857, 78], [897, 94], [930, 117], [949, 277]]]
凡 [[[322, 708], [344, 697], [363, 677], [370, 625], [363, 427], [335, 315], [286, 214], [246, 160], [208, 118], [117, 48]], [[401, 705], [422, 693], [517, 720], [574, 745], [604, 750], [632, 732], [639, 720], [620, 638], [607, 541], [591, 314], [596, 190], [611, 137], [628, 118], [675, 92], [758, 75], [833, 78], [885, 91], [930, 118], [953, 260]], [[400, 456], [408, 445], [480, 398], [503, 364]]]
凤 [[[237, 664], [275, 629], [280, 588], [280, 476], [266, 334], [248, 251], [216, 158], [180, 87], [136, 23]], [[322, 621], [331, 635], [347, 641], [506, 680], [657, 711], [703, 705], [716, 686], [699, 614], [688, 513], [688, 387], [705, 279], [741, 179], [772, 129], [804, 94], [859, 59], [886, 53], [908, 85], [934, 229]], [[365, 463], [412, 465], [530, 498], [550, 490], [564, 473], [551, 402], [532, 342], [509, 291], [475, 241], [439, 207], [400, 184], [280, 146]], [[371, 366], [590, 186], [632, 137], [645, 101]]]
凶 [[[596, 714], [611, 704], [630, 674], [590, 585], [537, 500], [433, 377], [372, 323], [307, 278]], [[321, 621], [581, 420], [658, 346], [687, 293]], [[172, 446], [204, 410], [215, 384], [217, 279], [200, 158], [201, 125], [233, 121], [500, 172], [695, 195], [784, 197], [798, 182]], [[811, 542], [829, 530], [858, 489], [825, 59]]]
出 [[[256, 598], [288, 559], [291, 540], [281, 399], [335, 400], [412, 423], [573, 458], [714, 477], [732, 493]], [[765, 652], [788, 624], [802, 593], [763, 452], [755, 398]], [[473, 822], [537, 770], [540, 733], [525, 156], [501, 131]], [[259, 276], [286, 257], [308, 219], [309, 176], [294, 57], [346, 60], [429, 86], [581, 118], [751, 142], [768, 132]], [[759, 285], [801, 238], [817, -7]]]
击 [[[292, 585], [316, 576], [367, 574], [508, 592], [661, 622], [726, 621]], [[118, 368], [183, 350], [407, 384], [832, 423], [919, 393]], [[462, 804], [518, 760], [522, 725], [509, 165], [488, 146]], [[260, 293], [294, 241], [274, 83], [320, 81], [478, 116], [649, 141], [713, 145], [739, 128]], [[705, 326], [749, 290], [779, 13]]]
刀 [[[260, 629], [304, 613], [336, 613], [737, 685], [769, 671], [785, 653], [738, 364], [721, 295], [678, 180], [651, 141], [617, 118], [513, 186]], [[451, 603], [481, 579], [483, 563], [446, 450], [389, 337], [341, 270], [270, 198], [155, 112], [120, 94]]]
刃 [[[259, 647], [291, 635], [321, 632], [732, 706], [752, 700], [778, 675], [740, 360], [721, 277], [682, 170], [662, 142], [630, 119], [518, 194]], [[500, 638], [528, 615], [536, 592], [502, 468], [446, 346], [392, 264], [344, 210], [262, 136], [175, 73]], [[342, 478], [313, 407], [274, 344]]]
分 [[[333, 687], [347, 674], [362, 642], [306, 551], [231, 465], [158, 407], [100, 373]], [[454, 803], [495, 791], [527, 765], [659, 579], [707, 524], [757, 480], [783, 463], [819, 454], [978, 435]], [[251, 378], [303, 368], [607, 435], [626, 429], [646, 410], [634, 299], [609, 167], [591, 110], [565, 64], [541, 41], [523, 39], [420, 94]], [[398, 358], [424, 334], [391, 252], [355, 194], [319, 149], [261, 96], [200, 54], [156, 32]]]
力 [[[228, 521], [269, 505], [303, 506], [709, 577], [724, 574], [757, 546], [720, 306], [689, 188], [654, 109], [627, 80], [604, 71], [498, 138]], [[478, 795], [511, 768], [524, 742], [490, 513], [468, 435], [436, 355], [382, 260], [319, 184], [244, 120], [127, 53]]]
劝 [[[175, 567], [241, 569], [333, 598], [368, 598], [389, 589], [384, 552], [351, 439], [295, 327], [240, 269], [206, 245], [172, 227], [105, 209]], [[183, 477], [363, 318], [387, 287], [403, 244]], [[457, 510], [502, 499], [806, 565], [835, 551], [845, 538], [810, 291], [789, 210], [760, 139], [733, 108], [712, 100], [622, 162]], [[651, 814], [672, 791], [686, 758], [650, 568], [599, 397], [557, 298], [498, 193], [436, 108], [355, 27]]]
办 [[[232, 495], [263, 482], [290, 480], [692, 555], [712, 548], [736, 524], [685, 233], [652, 132], [630, 92], [602, 63], [581, 53], [466, 122]], [[465, 773], [504, 741], [511, 731], [510, 710], [485, 500], [461, 403], [436, 338], [387, 242], [332, 171], [269, 109], [224, 74], [134, 20]], [[282, 400], [253, 339], [185, 246]], [[777, 404], [875, 322], [892, 294], [902, 259]]]
加 [[[119, 464], [162, 452], [186, 455], [477, 521], [506, 508], [517, 494], [487, 270], [458, 158], [433, 105], [412, 83], [393, 73], [299, 127]], [[312, 766], [349, 741], [371, 707], [332, 474], [304, 366], [248, 233], [206, 164], [128, 79], [87, 49], [51, 33]], [[586, 458], [610, 435], [620, 414], [653, 112]], [[645, 450], [656, 441], [687, 443], [830, 478], [855, 469], [887, 438], [842, 245], [812, 220]], [[677, 159], [694, 175], [801, 190], [854, 190], [883, 181]]]
勺 [[[411, 826], [445, 782], [390, 644], [318, 538], [223, 448]], [[365, 551], [388, 561], [415, 562], [677, 622], [704, 623], [727, 615], [749, 599], [764, 576], [734, 275], [709, 149], [678, 64], [654, 30], [629, 12], [504, 85]], [[337, 414], [412, 338], [429, 293]]]
勾 [[[398, 836], [415, 822], [433, 787], [400, 724], [297, 576], [245, 517], [203, 483]], [[325, 577], [390, 576], [712, 639], [737, 637], [758, 626], [789, 595], [763, 258], [741, 144], [719, 76], [702, 43], [668, 11], [557, 81]], [[382, 491], [411, 453], [403, 427], [364, 359], [304, 275], [285, 226], [322, 223], [497, 269], [508, 260]], [[480, 353], [551, 274], [569, 227], [569, 205]]]
勿 [[[359, 826], [385, 799], [396, 772], [369, 711], [265, 544], [183, 455]], [[297, 543], [494, 571], [621, 596], [748, 610], [789, 599], [814, 569], [818, 558], [755, 278], [724, 179], [679, 89], [639, 43], [603, 24], [509, 105]], [[397, 534], [427, 500], [389, 419], [312, 317], [248, 257], [220, 237], [211, 238], [206, 228]], [[569, 565], [595, 539], [603, 514], [566, 417], [507, 303], [460, 233], [393, 155], [333, 104], [281, 72]]]
匀 [[[408, 824], [425, 809], [440, 783], [395, 678], [320, 569], [264, 513], [217, 477]], [[389, 610], [681, 658], [726, 650], [762, 618], [749, 281], [734, 176], [717, 106], [689, 54], [663, 32], [541, 90]], [[345, 468], [442, 435], [478, 403]], [[252, 220], [304, 208], [563, 329]]]
包 [[[407, 815], [424, 798], [440, 764], [423, 728], [332, 597], [248, 508], [213, 480]], [[367, 590], [687, 654], [704, 654], [731, 634], [714, 428], [699, 358], [683, 315], [663, 284], [643, 268], [610, 281], [552, 322]], [[306, 432], [314, 442], [415, 474], [440, 480], [456, 475], [479, 453], [454, 366], [429, 355]], [[287, 281], [303, 296], [418, 320], [485, 316]], [[248, 463], [267, 442], [275, 419], [259, 235], [267, 117], [281, 80], [297, 59], [340, 29], [373, 16], [443, -2], [571, -13], [684, -3], [809, 29], [861, 56], [897, 87], [912, 243]]]
匆 [[[384, 830], [416, 795], [420, 783], [411, 762], [364, 672], [294, 565], [247, 505], [199, 459]], [[323, 563], [395, 567], [730, 627], [780, 620], [812, 586], [769, 268], [741, 159], [710, 88], [680, 47], [643, 23], [618, 38], [549, 102]], [[417, 546], [438, 528], [442, 510], [391, 416], [355, 367], [289, 295], [232, 241], [207, 226]], [[582, 573], [601, 558], [611, 530], [553, 392], [490, 277], [437, 206], [374, 137], [303, 79], [260, 55]], [[300, 425], [459, 341], [558, 281], [599, 245], [614, 216]]]
北 [[[341, 707], [367, 685], [388, 652], [386, 287], [376, 177], [381, 102]], [[160, 418], [189, 411], [227, 414], [334, 443], [352, 459]], [[129, 129], [187, 113], [323, 169], [338, 191]], [[786, 581], [796, 567], [805, 529], [751, 489], [609, 404], [607, 390]], [[534, 781], [573, 755], [590, 727], [574, 562], [569, 334], [579, 183], [599, 134], [640, 97], [709, 78], [793, 76], [844, 83], [873, 95], [893, 111], [895, 126], [896, 291]]]
十 [[[109, 442], [177, 422], [373, 456], [819, 505], [869, 499], [932, 476]], [[456, 811], [484, 803], [522, 767], [512, 593], [507, -33]]]
千 [[[690, 777], [665, 786], [618, 791], [511, 734], [416, 695], [285, 655]], [[130, 437], [168, 422], [200, 420], [347, 444], [562, 469], [823, 491], [913, 461]], [[472, 687], [511, 671], [520, 647], [511, -24]]]
升 [[[441, 755], [451, 743], [460, 707], [363, 638], [243, 571]], [[85, 415], [146, 405], [493, 459], [831, 495], [869, 494], [947, 473]], [[350, 602], [380, 589], [398, 569], [391, 402], [366, 273], [334, 194], [292, 130], [255, 92], [201, 57]], [[589, 815], [616, 809], [654, 773], [644, 597], [639, -38]]]
午 [[[385, 811], [416, 768], [382, 683], [304, 571], [240, 516]], [[386, 630], [469, 635], [697, 680], [735, 677]], [[112, 362], [171, 351], [395, 384], [838, 424], [878, 421], [942, 400]], [[489, 609], [533, 578], [535, 551], [527, -36]]]
半 [[[288, 708], [361, 657], [390, 610]], [[714, 795], [734, 772], [741, 750], [670, 687], [614, 648]], [[315, 505], [344, 497], [398, 497], [646, 542], [701, 542]], [[101, 322], [160, 311], [402, 345], [838, 383], [894, 373], [935, 358]], [[453, 830], [482, 823], [521, 785], [513, 634], [507, -61]]]
卜 [[[414, 805], [446, 781], [472, 746], [470, 293], [455, 58], [458, -40]], [[553, 520], [661, 479], [753, 435], [794, 405], [818, 372]]]
占 [[[452, 796], [509, 750], [510, 736], [501, 357], [479, 332]], [[542, 555], [563, 570], [644, 583], [729, 606], [794, 606]], [[241, 307], [276, 279], [290, 247], [347, -31]], [[308, 302], [333, 287], [347, 288], [487, 305], [656, 339], [698, 338], [736, 307], [743, 287], [698, 128], [666, 101]], [[371, 17], [383, 34], [651, 67], [714, 65], [739, 55]]]
卡 [[[470, 813], [516, 773], [510, 519], [493, 498]], [[547, 662], [566, 654], [605, 656], [704, 682], [753, 684]], [[128, 438], [186, 428], [424, 464], [806, 502], [850, 499], [914, 480]], [[480, 448], [510, 419], [497, 52], [510, -29]], [[577, 350], [682, 298], [706, 273], [724, 241]]]
卫 [[[232, 616], [270, 609], [298, 611], [420, 642], [566, 667], [576, 664], [716, 683], [744, 681], [771, 658], [782, 638], [757, 566], [724, 426], [708, 388], [688, 363], [592, 416]], [[473, 626], [506, 609], [514, 556], [507, 163], [489, 151]], [[151, 105], [192, 89], [224, 86], [435, 111], [803, 132], [878, 103]]]
印 [[[402, 819], [420, 792], [425, 770], [367, 719], [263, 648], [262, 640]], [[178, 668], [202, 648], [221, 616], [228, 465], [219, 270], [247, 272], [279, 286], [449, 384]], [[260, 507], [413, 547], [464, 547]], [[598, 628], [631, 617], [748, 652], [796, 658], [825, 652], [846, 630], [825, 399], [809, 334], [790, 310], [688, 356]], [[536, 631], [562, 616], [584, 580], [579, -68]]]
厂 [[[345, 693], [383, 673], [418, 676], [765, 739], [830, 738]], [[264, 703], [299, 684], [324, 644], [308, 421], [280, 286], [252, 211], [198, 120], [136, 54], [69, 9]]]
厅 [[[334, 718], [354, 706], [459, 711], [711, 763], [759, 761]], [[263, 738], [298, 697], [300, 675], [281, 524], [246, 372], [208, 269], [167, 190], [109, 109], [69, 66]], [[352, 493], [392, 482], [417, 483], [764, 537], [800, 539], [848, 529]], [[566, 478], [604, 459], [617, 440], [611, 107], [592, 71], [555, 80], [439, 137]]]
去 [[[315, 561], [338, 554], [389, 553], [541, 579], [636, 605], [704, 604]], [[463, 815], [513, 770], [502, 412], [485, 389]], [[83, 329], [138, 319], [368, 355], [850, 400], [900, 393], [938, 379]], [[454, 342], [485, 313], [427, 216], [352, 127], [327, 71], [357, 66], [632, 125], [661, 122]], [[612, 229], [678, 155], [734, 79], [751, 23], [748, 9]]]
又 [[[266, 625], [310, 613], [349, 618], [590, 676], [630, 669], [648, 653], [578, 447], [522, 348], [477, 289], [422, 233], [338, 172], [233, 116], [145, 82]], [[271, 547], [312, 527], [345, 499], [547, 261], [627, 183], [689, 133], [730, 110], [761, 102], [937, 77], [947, 71], [974, 72]]]
叉 [[[324, 625], [357, 624], [446, 640], [635, 690], [650, 687], [675, 664], [649, 529], [608, 408], [548, 298], [502, 238], [446, 189], [380, 150], [302, 118], [165, 83]], [[303, 474], [365, 440], [571, 217], [653, 145], [721, 97], [794, 80], [968, 60]], [[376, 559], [457, 520], [487, 486]]]
及 [[[384, 683], [410, 660], [417, 641], [384, 536], [329, 399], [280, 311], [210, 220], [120, 134], [92, 117]], [[244, 701], [313, 694], [611, 751], [637, 743], [655, 721], [551, 491], [582, 477], [675, 481], [701, 458], [675, 366], [649, 300], [610, 240], [571, 199], [504, 147], [428, 104], [332, 69], [324, 61], [269, 54]], [[366, 399], [382, 400], [411, 379], [600, 178], [724, 83], [826, 62], [956, 49]]]
友 [[[262, 585], [302, 578], [358, 582], [560, 623], [724, 665], [771, 665]], [[459, 829], [491, 801], [506, 777], [508, 760], [434, 527], [375, 397], [294, 269], [234, 198], [169, 138], [111, 96], [81, 84]], [[411, 395], [431, 406], [494, 417], [587, 446], [628, 448], [663, 434], [645, 359], [610, 268], [574, 194], [539, 146], [489, 100], [428, 58], [332, 21], [293, 17]], [[392, 322], [422, 311], [452, 289], [610, 124], [728, 35], [797, 18], [938, 2]]]
双 [[[175, 545], [244, 542], [356, 570], [392, 569], [413, 561], [396, 470], [368, 380], [336, 307], [306, 256], [261, 204], [202, 158], [141, 130], [93, 122]], [[179, 437], [262, 362], [388, 234], [418, 198], [440, 145]], [[494, 595], [528, 585], [566, 589], [711, 631], [755, 625], [771, 613], [736, 461], [709, 386], [663, 288], [628, 237], [578, 188], [527, 150], [453, 107]], [[478, 468], [513, 455], [687, 220], [792, 110], [854, 90], [977, 65]]]
反 [[[734, 747], [657, 769], [549, 721], [422, 683], [385, 676], [379, 682]], [[293, 696], [310, 686], [333, 659], [336, 634], [320, 417], [292, 299], [255, 213], [212, 147], [154, 87], [86, 42]], [[358, 447], [372, 454], [455, 465], [574, 500], [612, 502], [646, 490], [638, 445], [601, 334], [557, 248], [513, 190], [451, 137], [390, 100], [301, 70], [261, 65]], [[371, 367], [419, 343], [579, 172], [704, 73], [748, 52], [916, 40]]]
发 [[[270, 680], [303, 634], [289, 560], [272, 512], [270, 481], [321, 485], [491, 538], [627, 565], [747, 578], [804, 561]], [[462, 833], [513, 787], [504, 700], [474, 579], [411, 435], [351, 330], [272, 228], [195, 154], [96, 87]], [[410, 372], [469, 382], [598, 421], [613, 417], [639, 392], [612, 297], [588, 243], [552, 187], [504, 136], [460, 106], [404, 82], [283, 50], [242, 47]], [[389, 317], [438, 296], [583, 158], [655, 101], [730, 52], [744, 45], [804, 38], [943, 29]], [[653, 769], [747, 706], [767, 673]]]
口 [[[229, 584], [272, 548], [287, 517], [330, 203], [348, 152]], [[304, 569], [333, 552], [488, 574], [663, 608], [700, 607], [720, 598], [759, 559], [758, 552], [694, 295], [661, 273]], [[369, 185], [394, 203], [651, 238], [710, 236], [744, 224]]]
古 [[[126, 497], [164, 483], [208, 481], [468, 520], [841, 556], [916, 534], [933, 519]], [[480, 817], [521, 780], [530, 765], [530, 750], [478, 327], [452, 299]], [[287, 282], [325, 252], [330, 240], [379, 21]], [[360, 276], [370, 267], [384, 265], [476, 278], [626, 310], [655, 306], [694, 266], [653, 140], [623, 119]], [[399, 79], [419, 67], [611, 89], [665, 87], [692, 77]]]
句 [[[429, 832], [448, 813], [462, 780], [441, 735], [399, 664], [329, 569], [248, 487]], [[358, 567], [452, 577], [664, 619], [722, 625], [753, 620], [786, 588], [776, 504], [770, 325], [758, 229], [743, 157], [716, 83], [690, 40], [653, 13], [613, 38], [560, 79], [558, 89], [544, 95]], [[197, 415], [223, 395], [236, 375], [276, 180]], [[262, 410], [281, 401], [433, 432], [456, 423], [481, 397], [448, 289], [423, 273]], [[297, 216], [312, 229], [406, 244], [458, 243], [483, 234]]]
另 [[[322, 745], [359, 717], [415, 524]], [[390, 742], [415, 731], [530, 749], [640, 776], [682, 771], [716, 736], [678, 642], [647, 622]], [[435, 544], [448, 559], [636, 592], [710, 585]], [[243, 348], [305, 337], [713, 422], [734, 416], [749, 404], [757, 393], [755, 365], [728, 228], [702, 138], [668, 74], [632, 45], [598, 59], [517, 110]], [[481, 532], [514, 503], [480, 375], [419, 247], [354, 161], [301, 106], [215, 35], [167, 5]]]
只 [[[287, 703], [320, 676], [330, 654], [379, 417]], [[353, 699], [364, 689], [393, 688], [639, 731], [676, 718], [703, 689], [700, 676], [663, 556], [629, 523]], [[402, 447], [416, 463], [618, 493], [680, 495], [705, 485]], [[420, 290], [381, 284], [332, 219], [293, 179], [186, 96], [128, 66]], [[615, 342], [697, 269], [791, 173], [813, 140], [830, 88]]]
召 [[[256, 703], [315, 691], [682, 756], [704, 759], [724, 751], [745, 730], [735, 670], [700, 522], [671, 454], [625, 410], [586, 428], [528, 470]], [[458, 687], [485, 663], [436, 541], [402, 487], [357, 431], [310, 386], [263, 349], [180, 298]], [[291, 280], [325, 251], [334, 225], [376, -8]], [[359, 273], [369, 263], [389, 262], [502, 278], [643, 309], [679, 307], [704, 290], [721, 267], [678, 141], [645, 113]], [[399, 41], [412, 56], [633, 82], [694, 85], [737, 71]]]
可 [[[126, 681], [187, 663], [480, 710], [845, 747], [930, 719]], [[250, 535], [271, 517], [283, 497], [316, 319]], [[302, 534], [323, 524], [451, 554], [480, 549], [503, 523], [476, 436], [447, 415]], [[335, 355], [348, 366], [438, 386], [490, 388], [515, 381]], [[627, 698], [670, 662], [670, 122], [653, 70], [636, 56], [571, 83], [520, 114]]]
台 [[[468, 817], [491, 797], [510, 758], [446, 678], [255, 477], [244, 441], [282, 435], [440, 473], [659, 510], [723, 515], [746, 503]], [[660, 629], [791, 515], [813, 488], [833, 444]], [[271, 295], [308, 265], [313, 250], [363, 5]], [[345, 287], [360, 274], [477, 289], [632, 319], [658, 320], [679, 312], [711, 277], [666, 135], [639, 117]], [[385, 41], [399, 57], [624, 84], [676, 83], [708, 72]]]
史 [[[262, 618], [281, 605], [308, 568], [359, 379]], [[303, 621], [339, 606], [352, 607], [567, 635], [661, 655], [680, 653], [708, 637], [725, 616], [683, 501], [655, 483]], [[372, 431], [392, 421], [432, 422], [642, 452], [693, 451], [722, 441]], [[457, 822], [486, 804], [512, 777], [502, 374], [494, 298], [477, 229], [452, 179], [381, 109], [289, 62], [149, 21]], [[215, 336], [279, 337], [337, 315], [541, 140], [648, 59], [713, 22], [740, 13], [796, 12], [942, 24]]]
右 [[[143, 506], [201, 497], [394, 533], [812, 587], [872, 583], [922, 568]], [[467, 792], [513, 742], [499, 647], [472, 556], [399, 401], [321, 281], [267, 218], [154, 118], [65, 63]], [[380, 301], [424, 12]], [[415, 273], [435, 290], [530, 305], [654, 337], [680, 340], [703, 333], [736, 300], [699, 157], [671, 135]], [[446, 52], [463, 67], [662, 103], [720, 106], [746, 97]]]
号 [[[312, 750], [342, 727], [349, 710], [388, 532]], [[373, 748], [389, 736], [604, 777], [627, 774], [662, 740], [631, 650], [604, 630]], [[406, 556], [423, 572], [602, 602], [643, 603], [672, 595]], [[119, 433], [182, 424], [504, 470], [787, 495], [830, 493], [890, 475]], [[414, 434], [444, 409], [409, 318], [408, 301], [443, 299], [560, 327], [606, 331], [632, 321], [654, 301], [648, 239], [629, 166], [589, 79], [564, 48], [530, 25], [432, 103]]]
司 [[[331, 731], [372, 718], [416, 719], [724, 772], [755, 760], [781, 730], [766, 648], [755, 491], [757, 117], [751, 62], [732, 29], [697, 37], [597, 84]], [[290, 559], [325, 552], [360, 554], [520, 586], [576, 586]], [[220, 405], [261, 356], [307, 175]], [[243, 412], [292, 394], [381, 408], [484, 435], [522, 428], [550, 400], [521, 307], [495, 290]], [[322, 242], [340, 232], [485, 260], [531, 260], [556, 253]]]
四 [[[132, 606], [163, 582], [189, 529], [224, 229], [244, 159]], [[187, 595], [227, 581], [466, 625], [712, 650], [801, 654], [833, 638], [866, 588], [816, 348], [781, 226], [760, 193], [755, 149]], [[377, 587], [408, 560], [387, 462], [351, 379], [298, 316]], [[530, 611], [571, 584], [566, 446], [579, 393], [608, 377], [638, 373], [699, 371], [732, 379]], [[263, 216], [285, 201], [651, 229], [697, 224], [706, 211]]]
土 [[[283, 438], [312, 430], [379, 430], [486, 445], [692, 487], [741, 485]], [[461, 760], [517, 714], [518, 685], [498, 173], [476, 153]], [[129, 99], [188, 87], [378, 115], [818, 156], [866, 149], [922, 129]]]
圣 [[[335, 710], [378, 704], [417, 707], [600, 744], [637, 737], [652, 727], [641, 686], [590, 587], [534, 510], [490, 470], [393, 410], [321, 380], [195, 348], [135, 344]], [[318, 644], [348, 636], [380, 617], [587, 446], [650, 403], [719, 366], [794, 357], [945, 360]], [[308, 223], [367, 212], [540, 234], [619, 253], [679, 250]], [[463, 369], [507, 332], [499, 98], [482, 78]], [[148, 35], [213, 17], [439, 46], [786, 70], [867, 39]]]
士 [[[131, 404], [197, 387], [388, 420], [805, 467], [890, 439]], [[466, 755], [482, 747], [514, 710], [507, 201], [506, 181], [487, 161]], [[271, 117], [326, 107], [641, 143], [687, 141], [746, 123]]]
处 [[[272, 754], [298, 733], [311, 709], [282, 629], [197, 464], [127, 360], [90, 319]], [[254, 509], [316, 526], [359, 545], [404, 545], [423, 527], [370, 379], [303, 255], [228, 167], [180, 124], [135, 92], [72, 63]], [[173, 346], [219, 343], [272, 324], [495, 166], [575, 119], [682, 70], [729, 60], [885, 61], [931, 67]], [[556, 769], [582, 756], [608, 727], [611, 694], [610, 413], [595, 186]], [[658, 517], [782, 438], [815, 402], [829, 370]]]
夕 [[[494, 806], [525, 760], [462, 626], [421, 566], [354, 492], [251, 411]], [[449, 559], [479, 568], [540, 574], [676, 608], [704, 603], [722, 584], [684, 485], [635, 381], [583, 296], [520, 214], [461, 151], [352, 64], [268, 16], [206, -5]], [[365, 464], [374, 465], [453, 408], [474, 384], [491, 344]]]
外 [[[316, 738], [328, 728], [344, 693], [307, 625], [204, 491], [155, 440], [127, 421]], [[307, 573], [357, 576], [398, 589], [437, 592], [462, 572], [406, 428], [309, 279], [209, 170], [154, 126], [104, 97]], [[204, 439], [266, 399], [300, 367]], [[576, 837], [631, 783], [628, 261], [612, 34], [615, -49]], [[660, 533], [664, 522], [778, 478], [854, 439], [887, 416], [916, 378]]]
大 [[[210, 458], [268, 453], [514, 503], [719, 534], [770, 529], [810, 517]], [[416, 810], [444, 799], [482, 759], [469, 518], [448, 394], [426, 320], [386, 231], [361, 196], [307, 140], [202, 67], [138, 41]], [[486, 430], [500, 393], [576, 284], [660, 182], [722, 118], [774, 77], [953, 42]]]
天 [[[326, 698], [350, 691], [403, 691], [654, 741], [700, 747], [727, 744]], [[179, 421], [204, 414], [238, 414], [519, 462], [749, 490], [800, 484], [839, 472]], [[438, 664], [485, 643], [491, 633], [466, 401], [450, 336], [424, 268], [394, 216], [340, 158], [212, 87], [134, 63]], [[505, 431], [510, 408], [533, 366], [596, 270], [714, 122], [771, 78], [947, 35]]]
太 [[[203, 478], [258, 470], [375, 494], [729, 544], [763, 544], [832, 527]], [[444, 812], [470, 801], [500, 772], [503, 747], [478, 492], [456, 381], [427, 289], [384, 201], [332, 142], [232, 65], [133, 20]], [[503, 458], [510, 422], [596, 281], [673, 172], [722, 115], [773, 78], [958, 27]], [[398, 162], [423, 159], [460, 131], [483, 108], [499, 73]]]
夫 [[[323, 586], [369, 577], [421, 580], [652, 627], [723, 628]], [[191, 377], [250, 370], [394, 398], [733, 442], [784, 436], [823, 424]], [[444, 825], [497, 777], [469, 414], [453, 320], [427, 240], [376, 154], [315, 96], [230, 45], [112, 6]], [[491, 384], [503, 343], [566, 252], [665, 131], [741, 55], [780, 28], [961, -6]]]
央 [[[264, 541], [297, 514], [337, 352], [355, 338]], [[327, 537], [348, 525], [525, 552], [649, 581], [691, 579], [730, 546], [693, 410], [664, 382]], [[135, 294], [189, 285], [403, 322], [815, 370], [907, 351]], [[464, 783], [493, 765], [519, 736], [501, 389], [489, 291], [467, 213], [417, 130], [355, 77], [276, 36], [176, 6]], [[525, 310], [530, 297], [636, 172], [749, 60], [785, 45], [931, 17]]]
失 [[[323, 702], [351, 666], [324, 597], [279, 524], [211, 460]], [[333, 557], [474, 573], [656, 622], [705, 620]], [[203, 349], [262, 343], [402, 372], [744, 421], [828, 403]], [[474, 820], [526, 775], [506, 427], [487, 317], [466, 255], [439, 202], [407, 159], [344, 104], [265, 61], [144, 22]], [[525, 349], [530, 321], [558, 286], [680, 142], [754, 72], [792, 55], [943, 25]]]
头 [[[329, 700], [412, 650], [436, 624]], [[262, 555], [356, 497], [388, 456]], [[124, 322], [182, 312], [388, 345], [805, 386], [857, 379], [898, 364]], [[514, 770], [551, 748], [570, 726], [574, 705], [534, 410], [518, 339], [488, 256], [442, 177], [367, 109], [280, 60], [207, 33], [174, 27]], [[607, 234], [700, 162], [765, 101], [790, 69], [808, 19]]]
女 [[[442, 810], [475, 787], [498, 746], [453, 573], [373, 346], [365, 309], [498, 244], [675, 132], [740, 81], [787, 11]], [[628, 527], [652, 492], [651, 462], [587, 314], [549, 249], [520, 214], [452, 148], [384, 105], [321, 78], [238, 58]], [[70, 420], [138, 402], [383, 440], [857, 487], [913, 474], [950, 458]]]
子 [[[294, 711], [355, 686], [462, 717], [620, 752], [658, 752], [675, 732], [681, 708], [549, 578], [536, 574]], [[472, 588], [516, 549], [530, 478], [550, 263], [549, 179], [537, 99], [523, 64], [505, 42], [490, 34], [383, 79], [368, 91], [353, 93]], [[119, 405], [142, 394], [186, 386], [410, 420], [826, 459], [855, 457], [916, 439], [937, 422]]]
孕 [[[277, 737], [324, 725], [580, 779], [603, 778], [620, 768], [570, 671], [564, 640], [602, 637], [693, 653], [730, 644], [751, 615], [718, 480], [704, 452], [686, 433], [667, 423], [606, 456], [588, 458]], [[381, 707], [404, 688], [385, 629], [351, 561], [318, 514], [273, 466], [228, 430], [179, 403]], [[321, 476], [372, 474], [501, 515], [548, 517], [570, 495], [503, 410], [494, 410]], [[448, 402], [463, 398], [491, 375], [517, 324], [534, 195], [523, 86], [505, 46], [476, 20], [357, 71]], [[106, 253], [165, 242], [401, 275], [818, 306], [873, 299], [910, 286]]]
寸 [[[142, 505], [155, 497], [207, 488], [477, 534], [834, 575], [919, 547]], [[562, 808], [584, 796], [618, 763], [612, 466], [619, 91], [597, 36], [552, 48], [450, 92]], [[325, 418], [408, 347], [429, 300]]]
对 [[[178, 580], [194, 572], [243, 572], [363, 611], [394, 610], [414, 595], [388, 488], [363, 418], [308, 322], [244, 252], [151, 192], [93, 165]], [[200, 481], [357, 338], [406, 286], [432, 246], [440, 216]], [[475, 526], [527, 515], [853, 571], [924, 564]], [[700, 797], [718, 789], [750, 756], [744, 583], [755, 118], [746, 88], [730, 67], [590, 120]], [[492, 407], [575, 343], [600, 299]]]
小 [[[484, 773], [501, 765], [533, 730], [525, 545], [532, 191], [528, 90], [510, 54], [459, 68], [358, 112]], [[280, 476], [254, 405], [170, 274]], [[709, 494], [800, 425], [848, 380], [866, 353], [879, 311]]]
少 [[[470, 791], [489, 781], [518, 745], [505, 478], [509, 346]], [[305, 582], [287, 502], [227, 374]], [[698, 608], [798, 540], [821, 514], [841, 466]], [[662, 471], [678, 436], [679, 417], [605, 284], [513, 172], [439, 107], [375, 64], [270, 8], [179, -27]]]
尤 [[[231, 541], [275, 532], [336, 535], [506, 563], [654, 599], [709, 598]], [[431, 815], [472, 768], [467, 703], [440, 519], [392, 346], [349, 261], [285, 176], [194, 94], [122, 53]], [[512, 476], [539, 446], [553, 419], [537, 323], [532, 181], [542, 110], [552, 90], [573, 72], [640, 52], [751, 49], [839, 61], [897, 81], [912, 92], [912, 121], [897, 259]], [[677, 759], [754, 713], [767, 702], [786, 669]]]
尸 [[[387, 695], [399, 685], [434, 689], [648, 739], [681, 743], [699, 737], [734, 706], [699, 598], [671, 578]], [[379, 487], [411, 501], [658, 546], [710, 548], [738, 541]], [[307, 711], [348, 674], [353, 646], [339, 448], [309, 300], [281, 228], [237, 152], [152, 63], [86, 19]]]
尺 [[[379, 691], [389, 682], [409, 682], [507, 702], [612, 732], [636, 735], [660, 726], [685, 698], [686, 684], [643, 574], [612, 555]], [[367, 462], [392, 485], [608, 525], [653, 524], [679, 516]], [[304, 704], [332, 683], [347, 651], [341, 512], [313, 332], [269, 222], [240, 174], [203, 128], [148, 77], [94, 46]], [[376, 451], [401, 445], [414, 433], [596, 214], [710, 111], [759, 90], [936, 51], [963, 51]]]
尼 [[[387, 740], [396, 729], [553, 757], [639, 779], [672, 773], [702, 741], [660, 649], [630, 630]], [[365, 549], [389, 562], [620, 602], [691, 595]], [[305, 761], [345, 722], [346, 696], [335, 540], [316, 420], [293, 337], [256, 250], [203, 166], [106, 73], [54, 46]], [[684, 458], [693, 446], [701, 412], [604, 344], [503, 289], [494, 276]], [[437, 475], [466, 442], [472, 426], [462, 272], [462, 196], [470, 129], [487, 95], [521, 67], [585, 48], [682, 43], [799, 53], [857, 75], [865, 81], [868, 101], [874, 258]]]
屯 [[[292, 568], [340, 562], [365, 565], [464, 588], [610, 633], [669, 638]], [[229, 475], [256, 442], [264, 419], [246, 261], [289, 262], [403, 301], [528, 334], [627, 351], [643, 367]], [[685, 543], [717, 492], [664, 288]], [[429, 838], [460, 814], [487, 780], [461, 257], [473, 142], [503, 77], [545, 47], [628, 29], [750, 28], [848, 46], [902, 76], [914, 248]]]
山 [[[472, 748], [525, 700], [514, 235], [493, 208]], [[196, 398], [217, 379], [239, 340], [243, 263], [233, 126], [282, 127], [380, 155], [575, 197], [710, 218], [772, 221], [788, 237]], [[810, 490], [826, 477], [849, 433], [798, 57]]]
川 [[[248, 648], [267, 639], [296, 609], [298, 434], [285, 330], [265, 258], [231, 188], [172, 116], [120, 78]], [[473, 613], [505, 575], [497, 168]], [[681, 776], [710, 754], [734, 723], [733, 239], [723, 76], [727, -16]]]
工 [[[296, 634], [346, 623], [389, 624], [512, 640], [710, 679], [769, 677]], [[485, 607], [534, 573], [513, 239], [492, 220]], [[106, 173], [143, 157], [183, 150], [424, 181], [855, 211], [948, 177]]]
左 [[[267, 537], [291, 529], [357, 528], [521, 555], [701, 594], [757, 594]], [[470, 826], [519, 780], [512, 707], [488, 594], [417, 422], [354, 312], [278, 211], [182, 117], [68, 38]], [[411, 319], [432, 312], [497, 313], [694, 352], [741, 349]], [[531, 293], [559, 264], [553, 116], [534, 101]], [[283, 53], [335, 43], [508, 66], [784, 90], [827, 85], [878, 68]]]
巨 [[[335, 708], [359, 691], [687, 743], [723, 745], [765, 737]], [[339, 493], [348, 484], [382, 486], [606, 529], [643, 527], [659, 519], [683, 488], [647, 391], [617, 376]], [[324, 313], [353, 303], [606, 339], [655, 337], [683, 329]], [[259, 716], [296, 686], [303, 659], [294, 290], [275, 79], [306, 72], [481, 94], [734, 107], [796, 104], [856, 83]]]
己 [[[249, 704], [313, 701], [536, 750], [584, 744], [611, 719], [617, 703], [568, 574], [532, 549]], [[300, 464], [315, 481], [471, 510], [582, 521], [610, 513]], [[218, 527], [247, 496], [259, 473], [244, 281], [250, 213], [260, 174], [278, 148], [305, 126], [328, 112], [372, 98], [477, 83], [593, 82], [754, 99], [824, 123], [856, 145], [863, 344]]]
已 [[[284, 696], [328, 693], [554, 749], [589, 742], [615, 717], [616, 700], [566, 555], [538, 537]], [[294, 438], [318, 454], [522, 501], [585, 505], [610, 497]], [[231, 575], [258, 546], [273, 517], [258, 421], [252, 297], [265, 167], [287, 128], [348, 88], [431, 68], [575, 62], [699, 71], [771, 85], [825, 104], [856, 125], [855, 313]]]
巴 [[[305, 655], [319, 644], [333, 646], [602, 722], [643, 722], [668, 703], [684, 679], [634, 537], [602, 513]], [[434, 651], [460, 626], [448, 496], [425, 479]], [[279, 431], [293, 422], [314, 425], [592, 483], [649, 488], [678, 480]], [[215, 686], [247, 653], [262, 621], [252, 547], [246, 388], [254, 270], [266, 205], [274, 181], [295, 150], [343, 116], [456, 89], [610, 83], [773, 100], [845, 124], [876, 145], [878, 160], [875, 352]]]
巾 [[[247, 561], [275, 538], [285, 493], [284, 386], [270, 280], [269, 221]], [[307, 550], [324, 539], [604, 584], [674, 591], [721, 583], [741, 567], [743, 556], [746, 314], [725, 274], [616, 309]], [[456, 803], [469, 803], [494, 788], [521, 759], [511, 592], [503, -37]]]
币 [[[716, 747], [694, 758], [637, 771], [508, 715], [414, 691], [399, 682], [281, 658]], [[258, 517], [284, 498], [295, 468], [291, 337], [280, 279], [281, 221]], [[322, 507], [334, 495], [345, 493], [702, 545], [719, 545], [732, 537], [752, 506], [748, 336], [735, 274], [725, 259], [720, 260], [622, 298]], [[461, 674], [499, 654], [514, 638], [516, 620], [503, -32]]]
市 [[[435, 843], [528, 788], [552, 752]], [[127, 623], [150, 613], [190, 607], [424, 649], [801, 697], [849, 694], [914, 672]], [[276, 489], [304, 468], [311, 445], [314, 364], [299, 253], [302, 199]], [[337, 481], [353, 468], [683, 520], [705, 518], [720, 508], [732, 483], [729, 306], [718, 261], [708, 246], [698, 247], [649, 258], [599, 278]], [[466, 627], [511, 599], [507, -56]]]
布 [[[179, 614], [233, 605], [551, 658], [793, 685], [834, 683], [897, 667]], [[466, 837], [492, 783], [487, 766], [430, 618], [359, 482], [307, 403], [234, 318], [170, 263], [117, 228]], [[372, 436], [371, 296], [356, 212], [358, 166]], [[398, 432], [413, 419], [424, 420], [703, 466], [741, 464], [763, 433], [760, 285], [749, 224], [736, 207], [729, 208], [638, 261]], [[511, 572], [529, 561], [554, 528], [547, -64]]]
干 [[[315, 742], [360, 734], [407, 736], [686, 789], [739, 788]], [[104, 447], [175, 427], [466, 474], [837, 513], [934, 482]], [[465, 709], [518, 683], [520, 668], [506, -35]]]
平 [[[338, 761], [399, 753], [544, 780], [635, 805], [667, 809], [695, 802]], [[271, 640], [347, 565], [363, 525]], [[690, 702], [710, 683], [719, 664], [598, 531]], [[123, 382], [178, 372], [403, 409], [823, 450], [867, 448], [931, 429]], [[465, 727], [505, 709], [511, 702], [513, 675], [503, -40]]]
广 [[[446, 805], [554, 759], [591, 721]], [[318, 586], [347, 570], [697, 625], [754, 629], [799, 620]], [[257, 596], [286, 570], [297, 535], [284, 390], [263, 281], [235, 188], [200, 112], [157, 42], [113, -9]]]
开 [[[315, 681], [338, 674], [390, 673], [634, 720], [694, 728], [719, 725]], [[98, 381], [125, 369], [166, 363], [445, 405], [833, 443], [889, 430], [926, 414]], [[339, 587], [356, 577], [381, 547], [378, 400], [357, 262], [332, 196], [281, 115], [229, 66], [190, 42]], [[568, 674], [608, 651], [623, 631], [623, -35]]]
弓 [[[364, 737], [409, 733], [631, 783], [655, 781], [692, 745], [657, 657], [629, 643]], [[381, 541], [396, 559], [594, 602], [665, 607], [690, 600]], [[319, 593], [345, 565], [349, 540], [306, 377], [359, 375], [480, 405], [650, 431], [683, 430], [702, 423], [732, 393], [674, 147], [652, 84], [634, 57], [590, 27], [466, 104]]]
引 [[[233, 725], [301, 728], [403, 757], [431, 751], [453, 727], [452, 720], [420, 619], [392, 600]], [[260, 551], [277, 544], [390, 573], [451, 571]], [[206, 566], [233, 536], [239, 517], [211, 371], [254, 369], [356, 394], [407, 399], [436, 393], [460, 362], [420, 170], [405, 125], [375, 76], [335, 48], [242, 105]], [[682, 813], [714, 789], [739, 759], [742, 745], [737, 657], [740, 314], [727, 81], [730, -20]]]
心 [[[185, 462], [176, 372], [133, 236]], [[306, 473], [333, 435], [369, 327], [400, 274], [429, 244], [471, 215], [538, 193], [634, 183], [693, 187], [748, 205], [784, 234], [773, 267], [691, 393]], [[425, 667], [520, 581], [542, 534]], [[761, 607], [838, 558], [886, 518], [915, 457]]]
必 [[[187, 469], [185, 398], [148, 248]], [[306, 468], [331, 431], [366, 315], [403, 244], [465, 190], [535, 162], [618, 149], [699, 152], [733, 161], [768, 186], [755, 230], [703, 336]], [[375, 694], [457, 605], [467, 579]], [[619, 759], [643, 738], [657, 715], [660, 705], [651, 668], [588, 461], [539, 358], [494, 287], [461, 244], [407, 190], [356, 151], [268, 98], [198, 65], [154, 53]], [[753, 525], [893, 440], [933, 378]]]
户 [[[467, 832], [479, 821], [563, 781], [597, 737]], [[392, 579], [406, 568], [642, 629], [673, 633], [693, 627], [731, 590], [691, 486], [652, 460]], [[371, 370], [408, 386], [642, 429], [705, 432], [731, 424]], [[307, 600], [325, 589], [348, 562], [351, 534], [332, 316], [304, 200], [267, 116], [227, 60], [152, -14], [97, -46]]]
手 [[[696, 777], [623, 796], [504, 743], [388, 705], [314, 690]], [[319, 563], [387, 557], [515, 578], [654, 611], [700, 610]], [[111, 362], [168, 352], [395, 390], [830, 435], [869, 430], [926, 412]], [[474, 710], [512, 683], [538, 532], [557, 281], [556, 186], [548, 115], [520, 46], [492, 22], [372, 81]]]
才 [[[179, 522], [233, 513], [381, 540], [753, 585], [814, 581], [863, 567]], [[514, 796], [532, 788], [567, 755], [563, 593], [578, 112], [557, 56], [512, 68], [410, 112]], [[533, 532], [517, 515], [506, 477], [486, 447], [428, 373], [362, 302], [248, 203], [159, 148], [136, 141]]]
支 [[[299, 591], [338, 584], [380, 587], [473, 600], [647, 641], [708, 642]], [[457, 836], [504, 793], [490, 461], [472, 431]], [[299, 386], [354, 383], [417, 392], [555, 429], [587, 427], [610, 414], [587, 338], [531, 228], [490, 173], [441, 128], [384, 91], [325, 63], [256, 39], [159, 25]], [[316, 320], [348, 311], [381, 291], [585, 110], [711, 28], [737, 18], [783, 13], [954, 9]]]
文 [[[390, 828], [485, 774], [514, 732]], [[187, 550], [230, 541], [259, 543], [678, 624], [725, 626], [764, 618]], [[502, 559], [532, 534], [544, 515], [543, 462], [513, 344], [491, 294], [456, 237], [388, 174], [331, 141], [250, 110], [154, 87], [126, 86]], [[271, 429], [336, 398], [561, 179], [697, 81], [729, 67], [789, 59], [964, 49]]]
斗 [[[342, 725], [432, 678], [467, 638]], [[309, 549], [396, 501], [426, 464]], [[88, 335], [159, 315], [416, 359], [837, 405], [890, 394], [939, 374]], [[524, 838], [554, 830], [594, 794], [585, 579], [583, -68]]]
斤 [[[660, 776], [576, 788], [483, 731], [400, 694], [382, 688], [376, 693]], [[283, 705], [307, 689], [331, 662], [328, 478], [321, 407], [303, 321], [266, 224], [233, 170], [167, 97], [113, 62]], [[365, 486], [378, 496], [533, 527], [790, 569], [832, 569], [883, 556]], [[569, 500], [615, 474], [611, -68]]]
斥 [[[682, 782], [595, 790], [499, 721], [401, 672], [368, 663], [362, 651]], [[268, 685], [312, 649], [316, 633], [313, 448], [299, 346], [262, 236], [243, 202], [173, 117], [117, 78]], [[347, 481], [370, 496], [439, 513], [749, 565], [807, 566], [861, 553]], [[553, 504], [593, 476], [594, 463], [587, -48]], [[438, 371], [546, 334], [702, 267], [761, 231], [787, 195]]]
方 [[[446, 823], [543, 758], [557, 745], [578, 706]], [[148, 522], [214, 514], [511, 565], [812, 600], [874, 592], [910, 580]], [[518, 437], [534, 438], [649, 409], [688, 383], [695, 370], [660, 237], [635, 160], [606, 100], [584, 71], [557, 50], [423, 122]], [[481, 534], [503, 510], [507, 492], [418, 339], [344, 241], [288, 184], [225, 133], [122, 77]]]
无 [[[300, 679], [330, 672], [381, 672], [651, 720], [719, 723]], [[160, 402], [216, 394], [345, 420], [718, 471], [780, 466], [825, 452]], [[444, 653], [478, 628], [483, 618], [480, 590], [445, 417], [415, 318], [388, 256], [334, 168], [262, 91], [174, 34], [139, 22]], [[498, 387], [534, 345], [537, 333], [522, 220], [526, 105], [538, 71], [572, 45], [622, 32], [706, 27], [813, 37], [869, 56], [880, 64], [884, 92], [887, 213]]]
日 [[[284, 684], [321, 646], [328, 617], [332, 516], [323, 261], [302, 136], [302, 70]], [[359, 660], [374, 648], [388, 650], [635, 703], [668, 687], [690, 665], [699, 450], [699, 159], [685, 105], [688, 37]], [[357, 413], [369, 404], [398, 404], [534, 432], [581, 431]], [[340, 106], [355, 119], [432, 130], [585, 147], [632, 143]]]
旦 [[[271, 664], [297, 645], [326, 606], [360, 376], [384, 299]], [[331, 657], [366, 647], [634, 700], [681, 697], [708, 676], [723, 658], [704, 576], [681, 420], [657, 338], [664, 304]], [[378, 475], [397, 489], [539, 514], [592, 512]], [[404, 312], [417, 327], [581, 351], [617, 366]], [[137, 109], [164, 97], [214, 87], [475, 125], [859, 154], [952, 121]]]
旧 [[[178, 606], [231, 556], [260, 357], [271, 217], [292, 144]], [[346, 606], [372, 580], [380, 559], [406, 357], [421, 160]], [[401, 598], [423, 587], [516, 607], [685, 630], [730, 622], [769, 585], [755, 520], [731, 325], [699, 197], [708, 159]], [[428, 380], [463, 395], [579, 411], [610, 412], [640, 404]], [[442, 181], [457, 191], [599, 210], [638, 210], [656, 218]]]
月 [[[339, 773], [379, 742], [387, 685], [385, 504], [366, 342], [341, 259], [296, 169], [236, 93], [184, 43], [145, 17]], [[415, 764], [429, 752], [503, 762], [634, 796], [666, 780], [681, 758], [687, 291], [683, 93], [664, 56], [632, 63], [538, 104]], [[417, 542], [430, 550], [535, 566], [588, 564]], [[399, 368], [413, 375], [535, 394], [588, 392]]]
木 [[[228, 534], [280, 522], [695, 584], [728, 584], [766, 574]], [[453, 825], [506, 771], [498, 218], [486, -29]], [[474, 519], [459, 504], [447, 460], [404, 389], [332, 297], [244, 206], [179, 154], [130, 124]], [[528, 513], [549, 470], [641, 344], [749, 220], [789, 200], [951, 159]]]
未 [[[325, 613], [335, 608], [389, 607], [479, 624], [629, 666], [679, 662]], [[190, 413], [250, 408], [361, 435], [691, 488], [739, 487], [788, 476]], [[449, 837], [492, 798], [503, 773], [495, 241], [480, 20], [483, -53]], [[471, 425], [456, 410], [447, 380], [415, 334], [314, 220], [199, 126], [121, 83]], [[521, 433], [526, 432], [533, 404], [631, 287], [712, 197], [779, 136], [831, 120], [974, 94]]]
末 [[[195, 605], [254, 594], [518, 628], [668, 655], [735, 662], [804, 652]], [[285, 428], [322, 421], [638, 474], [673, 474], [729, 460]], [[457, 832], [511, 778], [503, 209], [489, 38], [491, -57]], [[481, 422], [472, 416], [458, 362], [396, 282], [342, 225], [221, 125], [125, 71]], [[530, 423], [538, 393], [560, 365], [717, 190], [767, 146], [784, 135], [826, 124], [959, 101]]]
本 [[[212, 574], [269, 563], [704, 630], [753, 631], [790, 622]], [[451, 825], [506, 769], [499, 210], [485, 51], [486, -52]], [[472, 562], [462, 553], [454, 515], [438, 481], [366, 375], [309, 307], [208, 207], [130, 146], [78, 116]], [[529, 540], [538, 510], [618, 414], [713, 310], [792, 239], [847, 222], [995, 198]], [[307, 183], [329, 176], [374, 174], [596, 205], [649, 196]]]
术 [[[212, 518], [271, 508], [696, 579], [768, 570]], [[461, 813], [514, 759], [504, 265], [490, 71], [490, -13]], [[478, 510], [462, 492], [444, 434], [407, 373], [313, 248], [203, 140], [136, 90], [115, 81]], [[538, 510], [549, 468], [609, 373], [674, 285], [745, 203], [800, 160], [971, 119]], [[648, 778], [738, 723], [763, 685]]]
欠 [[[409, 812], [445, 767], [398, 631], [351, 545], [316, 495], [273, 445], [215, 393]], [[384, 544], [643, 611], [683, 618], [724, 612], [750, 587], [716, 534], [659, 464]], [[466, 458], [504, 411], [501, 360], [478, 256], [433, 168], [395, 126], [319, 75], [241, 42], [153, 22]], [[527, 304], [531, 273], [619, 163], [680, 96], [740, 46], [749, 40], [898, 14]]]
止 [[[474, 756], [530, 713], [532, 680], [521, 158], [500, 139]], [[557, 444], [578, 435], [603, 436], [760, 473], [807, 472]], [[254, 457], [301, 409], [323, 136], [339, 127]], [[124, 86], [180, 74], [446, 109], [813, 137], [887, 126], [921, 112]]]
正 [[[311, 682], [345, 674], [386, 674], [699, 733], [747, 732]], [[469, 649], [499, 636], [510, 620], [514, 597], [510, 177], [490, 152]], [[549, 451], [560, 438], [577, 439], [703, 469], [761, 468]], [[238, 456], [287, 410], [321, 154], [337, 146]], [[97, 102], [133, 91], [165, 91], [448, 126], [797, 153], [831, 151], [905, 127]]]
母 [[[325, 759], [357, 704], [347, 591], [306, 420], [236, 214], [285, 207], [406, 219], [532, 221], [735, 209], [796, 196], [860, 155]], [[394, 731], [411, 719], [546, 750], [643, 764], [668, 756], [701, 720], [686, 358], [669, 235], [637, 104], [611, 43], [592, 16], [561, 28], [490, 73]], [[444, 653], [512, 606], [536, 566]], [[71, 433], [123, 422], [383, 456], [838, 490], [897, 484], [947, 468]], [[424, 390], [491, 339], [513, 307]]]
比 [[[273, 425], [289, 439], [323, 444], [390, 467], [427, 475], [453, 471]], [[196, 651], [245, 608], [247, 590], [245, 400], [226, 215], [228, 171], [273, 178], [431, 287]], [[778, 625], [788, 611], [795, 576], [695, 509], [588, 452], [578, 438]], [[501, 774], [535, 748], [561, 711], [544, 282], [553, 202], [574, 148], [617, 118], [689, 102], [789, 102], [860, 122], [884, 137], [886, 145], [890, 303]]]
毛 [[[614, 772], [535, 778], [429, 702], [359, 669], [353, 661], [287, 638], [263, 623]], [[244, 469], [285, 465], [345, 474], [575, 542], [641, 548]], [[91, 254], [162, 244], [683, 381], [746, 377]], [[377, 648], [415, 636], [439, 606], [435, 202], [443, 154], [458, 117], [498, 78], [581, 55], [709, 51], [822, 65], [888, 89], [926, 113], [933, 308]]]
氏 [[[660, 770], [635, 777], [584, 777], [485, 715], [364, 661], [345, 658], [337, 650], [317, 647], [312, 636]], [[220, 670], [269, 630], [274, 577], [274, 385], [267, 265], [254, 172], [258, 132], [291, 136], [323, 151], [451, 243]], [[348, 429], [394, 426], [439, 432], [702, 510], [749, 512]], [[444, 671], [482, 656], [496, 639], [498, 579], [513, 496], [540, 410], [586, 310], [641, 219], [727, 117], [805, 55], [831, 42], [864, 37], [883, 74], [906, 185], [913, 194], [913, 216]]]
民 [[[293, 723], [304, 714], [318, 713], [571, 776], [607, 776], [645, 741], [610, 657], [581, 639]], [[301, 569], [311, 558], [327, 559], [574, 608], [618, 607], [642, 600]], [[219, 742], [250, 710], [263, 684], [268, 463], [258, 278], [245, 169], [249, 117], [304, 131], [460, 224]], [[336, 373], [397, 369], [539, 403], [679, 450], [745, 456]], [[463, 562], [506, 543], [525, 524], [534, 467], [561, 380], [621, 267], [684, 181], [778, 88], [863, 38], [909, 32], [926, 87], [940, 209]]]
气 [[[354, 831], [368, 817], [381, 789], [346, 710], [268, 608], [169, 527]], [[354, 668], [453, 676], [652, 722], [696, 722]], [[312, 549], [356, 545], [399, 550], [562, 595], [604, 595]], [[190, 396], [223, 386], [261, 388], [402, 419], [589, 472], [624, 475], [632, 470], [645, 453], [631, 406], [618, 310], [620, 244], [637, 164], [668, 100], [692, 72], [732, 42], [788, 21], [835, 14], [893, 29], [914, 192], [912, 216]]]
水 [[[473, 814], [500, 795], [521, 770], [508, 455], [507, 91], [485, 42], [442, 56], [371, 91], [369, 98], [358, 98]], [[147, 491], [209, 482], [354, 512], [381, 505], [392, 495], [384, 459], [353, 387], [280, 261], [187, 160], [113, 110]], [[737, 682], [750, 671], [766, 637], [721, 583], [591, 461], [590, 452]], [[539, 500], [550, 465], [618, 387], [729, 271], [782, 229], [820, 207], [990, 185]]]
永 [[[428, 824], [503, 781], [533, 756], [539, 741]], [[309, 579], [358, 580], [462, 613], [482, 608], [508, 581], [505, 121], [500, 59], [478, 24], [355, 78]], [[110, 391], [149, 384], [198, 387], [322, 418], [339, 417], [367, 402], [345, 333], [273, 208], [201, 129], [125, 78]], [[725, 621], [743, 596], [749, 578], [743, 570], [656, 489], [569, 421], [569, 415]], [[532, 441], [551, 399], [568, 378], [678, 259], [750, 194], [801, 163], [954, 145]]]
火 [[[216, 534], [299, 440], [316, 391]], [[714, 618], [736, 593], [744, 571], [696, 522], [587, 433]], [[436, 773], [475, 753], [497, 733], [503, 713], [488, 443], [470, 321], [456, 275], [418, 195], [368, 138], [279, 78], [174, 36]], [[513, 375], [521, 341], [606, 223], [689, 127], [745, 76], [768, 60], [934, 25]]]
灭 [[[244, 665], [286, 653], [314, 654], [712, 707], [788, 696]], [[207, 464], [301, 394], [325, 346]], [[742, 565], [757, 546], [763, 525], [612, 385]], [[444, 644], [486, 624], [504, 606], [509, 589], [488, 352], [465, 261], [449, 222], [394, 145], [339, 102], [237, 47], [169, 27]], [[518, 334], [522, 307], [597, 210], [691, 100], [737, 58], [767, 46], [916, 13]]]
爪 [[[692, 737], [618, 748], [509, 679], [404, 631], [371, 622], [368, 613]], [[276, 629], [313, 604], [321, 579], [317, 415], [290, 298], [257, 224], [210, 156], [156, 103], [97, 63]], [[453, 632], [485, 605], [484, 288], [473, 51], [488, -40]], [[515, 567], [522, 565], [525, 553], [565, 507], [634, 381], [687, 300], [771, 201], [811, 169], [978, 119]]]
父 [[[320, 726], [342, 703], [350, 683], [333, 651], [296, 600], [239, 539], [168, 489]], [[586, 762], [734, 691], [765, 663], [786, 629]], [[539, 558], [574, 504], [563, 422], [522, 297], [465, 208], [388, 143], [315, 106], [230, 79], [123, 62]], [[286, 458], [320, 445], [350, 423], [562, 183], [644, 112], [702, 72], [753, 52], [941, 34]]]
片 [[[296, 724], [315, 715], [344, 686], [348, 531], [342, 436], [328, 342], [296, 244], [259, 178], [189, 98], [136, 62]], [[575, 816], [597, 799], [617, 772], [604, 591], [586, 566]], [[383, 513], [399, 504], [435, 506], [586, 535], [640, 551], [709, 555]], [[354, 321], [370, 329], [504, 349], [595, 374], [629, 374], [658, 355], [642, 71], [657, -16]]]
牙 [[[377, 717], [400, 711], [439, 713], [657, 765], [702, 763]], [[281, 635], [310, 604], [283, 450], [297, 446], [499, 491], [728, 528], [790, 529], [853, 516]], [[539, 698], [569, 683], [580, 663], [580, 69], [571, 32], [554, 8], [509, 21], [429, 65]], [[543, 471], [466, 355], [371, 253], [241, 153], [141, 105]]]
牛 [[[314, 694], [346, 654], [336, 626], [292, 540], [249, 485], [207, 448]], [[341, 555], [427, 558], [568, 584], [678, 614], [735, 612]], [[116, 315], [153, 306], [185, 306], [425, 348], [824, 396], [883, 388], [922, 375]], [[477, 828], [494, 826], [518, 811], [541, 782], [529, 492], [523, -62]]]
犬 [[[207, 459], [265, 448], [666, 519], [713, 522], [763, 513]], [[441, 803], [477, 783], [496, 763], [501, 745], [482, 486], [462, 377], [437, 294], [389, 202], [339, 143], [235, 70], [142, 29]], [[508, 443], [514, 403], [546, 350], [630, 229], [728, 110], [786, 63], [968, 19]], [[668, 719], [765, 672], [794, 636]]]
玉 [[[307, 662], [353, 653], [418, 656], [659, 702], [737, 705]], [[311, 397], [335, 389], [386, 387], [486, 401], [646, 435], [701, 434]], [[474, 636], [510, 606], [512, 560], [506, 202], [504, 184], [485, 166]], [[122, 119], [150, 106], [193, 98], [400, 126], [819, 159], [834, 159], [914, 128]], [[711, 370], [800, 309], [824, 270]]]
王 [[[296, 665], [329, 657], [385, 655], [675, 704], [742, 702]], [[331, 394], [364, 387], [424, 387], [548, 407], [647, 431], [706, 428]], [[479, 636], [515, 610], [516, 575], [510, 185], [490, 163]], [[122, 116], [158, 100], [196, 94], [403, 122], [837, 156], [926, 123]]]
瓜 [[[703, 748], [629, 764], [519, 700], [399, 651], [362, 642], [360, 635]], [[274, 655], [292, 645], [318, 614], [316, 428], [306, 334], [292, 271], [261, 187], [209, 104], [147, 38], [97, 6]], [[452, 649], [487, 630], [499, 605], [506, 394], [487, 122], [493, 94], [541, 108], [617, 161], [627, 178]], [[607, 244], [680, 162], [698, 132], [705, 99]], [[543, 598], [576, 559], [706, 351], [794, 239], [831, 213], [989, 166]]]
瓦 [[[239, 697], [262, 690], [329, 688], [537, 723], [689, 756], [753, 758]], [[333, 664], [338, 654], [362, 640], [372, 610], [344, 423], [306, 255], [283, 181], [276, 133], [330, 135], [501, 198]], [[379, 475], [392, 483], [490, 504], [559, 531], [590, 535], [611, 525], [614, 506], [589, 401], [582, 329], [585, 221], [614, 139], [646, 98], [687, 67], [755, 43], [810, 37], [862, 44], [900, 60], [908, 73], [929, 223]], [[380, 379], [458, 333], [486, 297]]]
甘 [[[82, 481], [143, 462], [462, 513], [837, 555], [930, 527]], [[294, 697], [322, 676], [345, 645], [360, 70]], [[610, 802], [632, 789], [665, 753], [653, 566], [651, 162], [642, 121], [627, 95], [628, 58], [617, 6]], [[386, 347], [394, 337], [416, 337], [523, 354], [567, 352]], [[388, 111], [406, 128], [487, 141], [529, 146], [576, 138]]]
生 [[[299, 644], [334, 603], [309, 529], [279, 467], [247, 420], [219, 385], [171, 341]], [[320, 474], [402, 478], [502, 492], [690, 536], [750, 531]], [[338, 285], [366, 278], [417, 279], [558, 302], [664, 328], [703, 325]], [[486, 820], [518, 796], [535, 776], [538, 759], [518, 115], [498, 94]], [[141, 39], [198, 27], [411, 58], [811, 95], [886, 85], [923, 70]]]
用 [[[245, 748], [281, 717], [289, 667], [286, 523], [271, 384], [250, 292], [208, 178], [136, 63]], [[321, 732], [336, 720], [413, 729], [683, 775], [726, 767], [760, 734], [757, 676], [771, 178], [765, 106], [748, 66], [708, 74], [624, 111]], [[384, 523], [469, 523], [600, 558], [638, 557]], [[371, 371], [425, 364], [605, 397], [658, 392]], [[461, 718], [501, 696], [512, 679], [503, 95]]]
甩 [[[227, 716], [260, 687], [268, 662], [271, 538], [260, 392], [235, 288], [211, 223], [171, 145], [143, 107]], [[294, 704], [317, 691], [630, 748], [669, 741], [694, 714], [700, 364], [696, 248], [681, 216], [637, 225], [566, 255]], [[351, 510], [373, 505], [417, 508], [546, 544], [591, 545]], [[315, 357], [360, 351], [539, 392], [564, 395], [604, 389]], [[411, 689], [446, 671], [468, 650], [453, 423], [455, 246], [463, 176], [474, 138], [491, 104], [515, 79], [589, 44], [658, 33], [760, 33], [819, 40], [873, 55], [917, 86], [919, 235]]]
田 [[[168, 630], [204, 600], [225, 563], [253, 357], [267, 183], [285, 124]], [[234, 618], [277, 600], [518, 632], [739, 675], [770, 675], [804, 655], [823, 634], [792, 401], [761, 236], [746, 196], [726, 169], [724, 108]], [[346, 392], [383, 391], [601, 427], [642, 430], [665, 423]], [[468, 608], [503, 582], [502, 251], [484, 228]], [[305, 171], [320, 185], [393, 194], [604, 216], [696, 217]]]
由 [[[176, 517], [215, 486], [234, 450], [252, 339], [271, 141], [292, 65]], [[245, 505], [277, 488], [464, 507], [714, 556], [753, 554], [779, 536], [797, 516], [773, 308], [748, 153], [720, 101], [719, 36]], [[343, 313], [388, 306], [560, 342], [643, 342]], [[450, 808], [506, 764], [509, 723], [498, 196], [496, 175], [476, 155]], [[314, 96], [330, 111], [559, 142], [638, 149], [686, 144]]]
甲 [[[200, 730], [241, 699], [259, 670], [300, 448], [327, 365]], [[266, 722], [299, 709], [561, 752], [685, 766], [726, 766], [764, 752], [792, 717], [768, 641], [738, 506], [704, 418], [709, 379]], [[379, 569], [435, 565], [587, 595], [638, 591]], [[344, 379], [358, 395], [591, 430], [638, 430], [651, 418]], [[455, 711], [504, 680], [487, -40]]]
申 [[[206, 616], [245, 583], [258, 558], [297, 353], [322, 276]], [[271, 603], [296, 592], [656, 653], [695, 653], [732, 640], [760, 608], [716, 400], [692, 327], [696, 288]], [[371, 464], [428, 460], [560, 485], [627, 484]], [[340, 295], [356, 309], [578, 339], [632, 341], [654, 349]], [[454, 838], [503, 798], [507, 756], [490, -63]]]
电 [[[209, 564], [250, 530], [264, 503], [301, 265], [324, 195]], [[280, 549], [305, 538], [625, 599], [666, 600], [703, 588], [732, 556], [710, 476], [688, 359], [655, 254], [660, 224]], [[345, 396], [404, 401], [531, 428], [571, 429], [594, 422]], [[343, 227], [355, 240], [373, 244], [596, 273], [614, 282]], [[416, 788], [449, 765], [476, 728], [463, 224], [476, 126], [489, 89], [507, 62], [540, 37], [620, 19], [743, 19], [837, 40], [886, 68], [901, 235]]]
白 [[[449, 809], [469, 796], [487, 761], [423, 665], [330, 549], [312, 536]], [[184, 534], [210, 513], [236, 471], [271, 169], [292, 88]], [[235, 528], [277, 511], [336, 517], [550, 547], [719, 578], [742, 574], [766, 557], [784, 536], [757, 334], [727, 160], [697, 109], [695, 47]], [[287, 335], [300, 327], [315, 327], [570, 365], [620, 355]], [[311, 150], [324, 139], [337, 138], [585, 160], [655, 161]]]
皮 [[[344, 537], [359, 556], [679, 630], [727, 633], [750, 626], [771, 605], [707, 497]], [[262, 583], [292, 559], [304, 529], [302, 405], [279, 257], [249, 169], [210, 100], [157, 40], [122, 11], [90, -6]], [[483, 819], [533, 778], [522, 429], [504, 401]], [[402, 368], [459, 370], [614, 407], [636, 398], [650, 377], [630, 288], [608, 231], [583, 184], [545, 132], [495, 90], [451, 67], [343, 32], [305, 27]], [[372, 302], [395, 301], [440, 280], [490, 238], [595, 132], [661, 78], [735, 29], [790, 11], [953, -6]]]
目 [[[281, 723], [309, 693], [320, 667], [321, 645], [317, 286], [302, 147], [308, 76]], [[338, 711], [365, 698], [385, 700], [636, 747], [665, 730], [687, 706], [697, 152], [683, 110], [605, 132]], [[348, 498], [368, 510], [516, 532], [578, 532]], [[346, 342], [365, 353], [462, 359], [540, 372], [581, 369]], [[335, 121], [361, 139], [483, 152], [576, 160], [626, 150]]]
矛 [[[306, 749], [331, 737], [366, 733], [596, 795], [622, 795], [645, 780], [659, 760], [643, 736], [536, 633], [523, 634]], [[429, 645], [521, 589], [547, 553]], [[118, 462], [137, 454], [176, 454], [503, 498], [767, 542], [826, 540], [860, 507], [771, 407]], [[531, 479], [561, 397], [575, 308], [577, 182], [571, 124], [556, 64], [544, 42], [526, 26], [390, 89]], [[521, 482], [475, 446], [421, 364], [381, 317], [300, 240], [191, 163], [125, 129], [97, 122]]]
石 [[[265, 665], [304, 655], [373, 656], [585, 685], [740, 714], [809, 712]], [[444, 635], [476, 604], [474, 594], [435, 510], [371, 408], [257, 271], [142, 174], [79, 134]], [[376, 357], [377, 323], [424, 72]], [[408, 356], [427, 344], [668, 394], [696, 397], [720, 388], [754, 353], [714, 209], [681, 181]], [[446, 106], [459, 120], [669, 151], [725, 150], [754, 141]]]
示 [[[343, 664], [354, 658], [417, 656], [623, 695], [684, 695]], [[132, 410], [190, 401], [491, 447], [774, 477], [831, 472], [887, 455]], [[479, 421], [512, 396], [520, 383], [522, 128], [517, 83], [494, 42], [452, 54], [376, 94]], [[289, 279], [270, 233], [193, 118]], [[686, 288], [817, 190], [837, 161], [849, 125]]]
禾 [[[668, 770], [590, 791], [527, 757], [457, 730], [332, 701], [326, 695], [311, 692], [304, 697], [297, 687]], [[196, 494], [256, 484], [483, 518], [719, 562], [754, 564], [804, 554]], [[464, 703], [506, 685], [518, 659], [499, -17]], [[482, 490], [465, 471], [456, 434], [445, 416], [334, 276], [227, 176], [152, 125], [128, 117]], [[540, 472], [551, 441], [612, 368], [731, 243], [781, 200], [819, 184], [982, 158]]]
立 [[[424, 772], [533, 718], [564, 689]], [[275, 499], [314, 490], [369, 493], [673, 559], [751, 564]], [[320, 385], [390, 297], [404, 248]], [[603, 461], [622, 450], [645, 413], [577, 225], [555, 176], [533, 159]], [[114, 91], [189, 71], [424, 121], [654, 140], [825, 136], [925, 97]]]
艺 [[[157, 630], [201, 622], [243, 623], [437, 652], [749, 685], [798, 680], [836, 665]], [[331, 762], [357, 748], [373, 730], [405, 553]], [[612, 825], [628, 817], [650, 785], [614, 647], [583, 560]], [[269, 442], [343, 444], [505, 484], [539, 479], [554, 466], [545, 444], [522, 418], [452, 356], [385, 285], [339, 221], [312, 159], [308, 125], [326, 86], [368, 50], [416, 30], [503, 14], [644, 14], [725, 26], [811, 56], [850, 83], [856, 132], [855, 274]]]
节 [[[139, 613], [192, 605], [457, 648], [763, 682], [809, 680], [867, 664]], [[327, 766], [369, 735], [400, 552]], [[610, 830], [625, 821], [646, 791], [606, 641], [575, 560]], [[264, 470], [313, 454], [640, 513], [667, 515], [685, 509], [708, 486], [688, 356], [670, 285], [656, 254], [620, 220], [538, 274]], [[433, 445], [474, 423], [476, 406], [471, -40]]]
见 [[[302, 744], [333, 714], [343, 692], [343, 514], [324, 361], [327, 314]], [[362, 731], [385, 718], [399, 718], [616, 763], [639, 759], [663, 736], [673, 722], [667, 652], [671, 402], [662, 325]], [[442, 629], [475, 609], [495, 579], [472, 371], [455, 291], [431, 222], [381, 135], [312, 70], [219, 16], [153, -4]], [[522, 367], [558, 325], [561, 313], [545, 179], [553, 77], [568, 48], [604, 24], [691, 9], [779, 10], [867, 22], [920, 44], [926, 97], [920, 238]]]
贝 [[[319, 755], [346, 723], [354, 681], [354, 491], [339, 310], [344, 231]], [[379, 739], [403, 726], [639, 768], [661, 763], [692, 732], [698, 721], [690, 579], [695, 309], [686, 235]], [[464, 654], [487, 645], [522, 607], [514, 409], [504, 319], [470, 192], [445, 145], [397, 94], [316, 44], [206, 3]], [[582, 194], [675, 126], [739, 70], [761, 43], [782, -12]]]
车 [[[276, 638], [346, 625], [471, 638], [681, 676], [741, 672]], [[474, 831], [494, 802], [501, 777], [414, 579], [325, 415], [318, 388], [364, 382], [672, 426], [707, 427], [745, 417]], [[113, 210], [181, 190], [372, 219], [796, 258], [872, 243], [901, 232], [911, 221]], [[483, 518], [514, 480], [516, 268], [508, 32], [523, -50]]]
边 [[[423, 504], [459, 494], [481, 497], [742, 554], [766, 552], [789, 531], [755, 307], [738, 246], [717, 200], [701, 180], [678, 167], [596, 215]], [[583, 785], [621, 742], [612, 616], [589, 482], [554, 372], [514, 285], [470, 217], [429, 171]], [[249, 779], [337, 714], [361, 670]], [[101, 466], [126, 464], [162, 472], [262, 510], [276, 511], [303, 493], [297, 447], [264, 370], [268, 337], [303, 270], [315, 234], [313, 201], [296, 185]], [[98, 142], [141, 127], [231, 158], [281, 162], [318, 156], [587, 58], [745, 22], [816, 25], [914, 52]]]
辽 [[[440, 666], [466, 655], [500, 652], [676, 714], [723, 718], [757, 687], [741, 661], [658, 567], [645, 567]], [[596, 558], [614, 554], [649, 524], [676, 464], [688, 388], [690, 310], [675, 224], [659, 197], [635, 177], [506, 234]], [[234, 775], [325, 719], [353, 676]], [[102, 471], [142, 468], [263, 505], [277, 504], [303, 484], [298, 451], [264, 384], [258, 352], [263, 325], [293, 264], [301, 230], [296, 197], [276, 178]], [[115, 131], [156, 120], [248, 154], [317, 152], [383, 133], [564, 63], [719, 26], [784, 22], [881, 41], [909, 52]]]
长 [[[630, 744], [650, 716], [653, 688], [594, 612], [543, 560], [479, 504], [453, 489]], [[141, 368], [207, 352], [427, 391], [793, 438], [823, 434], [888, 411]], [[336, 754], [374, 732], [389, 714], [395, 427], [379, 117], [387, 64], [404, 67], [436, 87], [545, 191]], [[456, 369], [491, 357], [630, 206], [727, 129], [770, 108], [952, 82]]]
门 [[[304, 770], [373, 704], [393, 669]], [[187, 695], [219, 664], [230, 646], [231, 631], [219, 280], [190, 93], [191, 44]], [[514, 741], [543, 732], [570, 732], [685, 757], [739, 761], [769, 753], [793, 731], [796, 721], [801, 86], [780, 33], [725, 47], [658, 79]]]
闪 [[[327, 766], [393, 708], [406, 682]], [[213, 700], [255, 652], [248, 332], [239, 217], [221, 125], [219, 55]], [[522, 744], [568, 735], [679, 760], [758, 768], [787, 758], [812, 732], [817, 90], [796, 37], [751, 47], [662, 87]], [[498, 580], [524, 549], [512, 488], [479, 399], [413, 309], [330, 236]], [[513, 397], [523, 400], [561, 376], [652, 308], [674, 282], [687, 253]]]
风 [[[244, 673], [274, 649], [286, 622], [283, 456], [270, 342], [248, 254], [222, 187], [168, 85], [137, 44]], [[327, 633], [335, 648], [449, 677], [672, 718], [704, 712], [720, 690], [703, 617], [692, 515], [692, 387], [706, 292], [746, 177], [785, 118], [821, 82], [867, 55], [899, 50], [922, 109], [938, 233]], [[537, 587], [555, 560], [562, 537], [532, 439], [492, 340], [466, 291], [411, 214], [356, 158], [316, 128]], [[367, 476], [566, 259], [604, 204], [617, 160]]]
飞 [[[126, 574], [175, 562], [203, 565], [421, 625], [531, 664], [589, 669], [604, 654], [571, 519], [567, 400], [577, 311], [590, 257], [631, 164], [690, 97], [736, 66], [803, 39], [852, 31], [902, 46], [905, 176]], [[740, 594], [760, 573], [768, 553], [741, 521], [631, 420]], [[603, 388], [609, 374], [681, 345], [757, 303], [791, 272], [808, 242]]]
马 [[[289, 716], [339, 709], [439, 733], [570, 755], [609, 751], [630, 735], [645, 717], [623, 635], [605, 507], [589, 443]], [[331, 643], [351, 626], [372, 595], [354, 412], [360, 360], [403, 356], [560, 388], [719, 406], [782, 400], [812, 370], [762, 134], [746, 81], [723, 38], [698, 18], [669, 28], [569, 86]], [[127, 185], [188, 171], [385, 207], [613, 234], [688, 212]]]
鸟 [[[425, 861], [437, 854], [454, 827], [391, 737], [375, 726], [372, 713], [360, 712]], [[388, 663], [396, 680], [578, 722], [627, 726], [648, 720], [666, 702], [643, 563], [623, 495], [600, 470], [514, 516]], [[426, 620], [479, 585], [498, 560]], [[307, 715], [339, 681], [347, 655], [336, 433], [338, 341], [382, 335], [570, 367], [729, 380], [801, 375], [824, 361], [838, 344], [789, 105], [764, 42], [735, 15], [695, 31], [617, 78]], [[115, 173], [140, 163], [174, 160], [299, 184], [599, 219], [684, 197]]]
龙 [[[231, 506], [277, 498], [339, 502], [510, 533], [655, 568], [715, 568]], [[435, 811], [476, 765], [447, 538], [397, 353], [359, 273], [296, 188], [236, 131], [162, 79], [128, 63]], [[482, 496], [505, 484], [529, 445], [515, 345], [511, 188], [524, 109], [553, 68], [607, 47], [720, 38], [822, 47], [877, 64], [896, 75], [903, 229]], [[700, 445], [720, 403], [719, 390], [705, 373], [535, 216], [474, 174], [422, 148]], [[669, 744], [759, 691], [788, 652]]]
